0 0.6703125000000001 0.5921875 0.03125 0.034375
0 0.703125 0.66328125 0.021875000000000002 0.029687500000000002
0 0.74140625 0.64453125 0.026562500000000003 0.029687500000000002
0 0.44062500000000004 0.33125000000000004 0.025 0.040625
0 0.49453125000000003 0.23828125 0.0390625 0.035937500000000004
0 0.43125 0.23203125000000002 0.028125 0.0390625
0 0.45078125 0.25859375 0.035937500000000004 0.026562500000000003
0 0.45078125 0.2890625 0.0234375 0.03125
0 0.48671875000000003 0.30546875 0.0328125 0.035937500000000004
0 0.703125 0.19062500000000002 0.040625 0.059375000000000004
0 0.4 0.18281250000000002 0.021875000000000002 0.03125
0 0.49609375 0.11328125 0.035937500000000004 0.026562500000000003
0 0.6273437500000001 0.18281250000000002 0.0234375 0.021875000000000002
0 0.75703125 0.12578125 0.0234375 0.026562500000000003
