0 0.703125 0.7585937500000001 0.018750000000000003 0.029687500000000002
0 0.66953125 0.6875 0.029687500000000002 0.034375
0 0.7429687500000001 0.7375 0.029687500000000002 0.025
0 0.4 0.278125 0.025 0.03125
0 0.496875 0.20703125 0.03125 0.0328125
0 0.44062500000000004 0.42890625000000004 0.03125 0.0390625
0 0.48515625 0.403125 0.029687500000000002 0.034375
0 0.45156250000000003 0.38593750000000004 0.028125 0.03125
0 0.43281250000000004 0.33046875000000003 0.028125 0.0421875
0 0.45078125 0.35546875 0.035937500000000004 0.026562500000000003
0 0.49296875 0.3359375 0.035937500000000004 0.03125
0 0.6265625 0.27968750000000003 0.025 0.025
0 0.70234375 0.28359375000000003 0.0421875 0.0578125
0 0.75703125 0.22421875000000002 0.0203125 0.0234375
