0 0.43125 0.7351562500000001 0.025 0.0328125
0 0.47890625000000003 0.70625 0.026562500000000003 0.037500000000000006
0 0.39609375 0.5796875 0.0203125 0.025
0 0.42578125 0.6328125 0.026562500000000003 0.037500000000000006
0 0.44453125000000004 0.65546875 0.035937500000000004 0.026562500000000003
0 0.44375000000000003 0.6859375000000001 0.025 0.028125
0 0.48750000000000004 0.63828125 0.037500000000000006 0.029687500000000002
0 0.48750000000000004 0.5078125 0.034375 0.03125
0 0.61875 0.58203125 0.025 0.0234375
0 0.6960937500000001 0.58359375 0.0421875 0.051562500000000004
0 0.7468750000000001 0.53359375 0.021875000000000002 0.026562500000000003
0 0.9765625 0.24609375 0.03125 0.0328125
