0 0.42031250000000003 0.7937500000000001 0.025 0.028125
0 0.4375 0.81953125 0.034375 0.0234375
0 0.43671875000000004 0.84765625 0.0234375 0.026562500000000003
0 0.48125 0.80390625 0.037500000000000006 0.035937500000000004
0 0.47187500000000004 0.8679687500000001 0.028125 0.0390625
0 0.42265625 0.890625 0.0203125 0.018750000000000003
0 0.61328125 0.74609375 0.0234375 0.0234375
0 0.6890625 0.7523437500000001 0.040625 0.0546875
0 0.73984375 0.70078125 0.026562500000000003 0.029687500000000002
0 0.9703125 0.41640625000000003 0.03125 0.026562500000000003
