0 0.66015625 0.8851562500000001 0.026562500000000003 0.029687500000000002
0 0.43281250000000004 0.6375000000000001 0.025 0.034375
0 0.39687500000000003 0.48046875 0.021875000000000002 0.029687500000000002
0 0.42812500000000003 0.534375 0.028125 0.040625
0 0.44609375 0.5593750000000001 0.035937500000000004 0.028125
0 0.4890625 0.540625 0.034375 0.034375
0 0.4453125 0.58828125 0.025 0.0328125
0 0.48046875 0.6078125000000001 0.029687500000000002 0.037500000000000006
0 0.4921875 0.4109375 0.03125 0.03125
0 0.62109375 0.48515625 0.0234375 0.0234375
0 0.75 0.43203125000000003 0.021875000000000002 0.0234375
0 0.6984375 0.49140625000000004 0.043750000000000004 0.060937500000000006
0 0.9828125000000001 0.146875 0.03125 0.034375
