0 0.42421875000000003 0.71796875 0.0234375 0.0328125
0 0.4421875 0.7421875 0.034375 0.025
0 0.44062500000000004 0.77109375 0.021875000000000002 0.026562500000000003
0 0.42890625000000004 0.8187500000000001 0.0234375 0.034375
0 0.47578125000000004 0.7914062500000001 0.026562500000000003 0.035937500000000004
0 0.48515625 0.7250000000000001 0.035937500000000004 0.034375
0 0.48671875000000003 0.5945312500000001 0.0234375 0.026562500000000003
0 0.61640625 0.6687500000000001 0.0234375 0.021875000000000002
0 0.69296875 0.6726562500000001 0.0421875 0.0546875
0 0.74375 0.62265625 0.021875000000000002 0.026562500000000003
0 0.9750000000000001 0.33437500000000003 0.03125 0.028125
