0 0.6671875 0.78515625 0.028125 0.035937500000000004
0 0.70078125 0.85703125 0.0171875 0.029687500000000002
0 0.7375 0.8359375 0.018750000000000003 0.03125
0 0.3984375 0.3765625 0.021875000000000002 0.028125
0 0.43046875 0.43203125000000003 0.029687500000000002 0.0390625
0 0.49140625000000004 0.4375 0.035937500000000004 0.034375
0 0.44921875 0.45546875000000003 0.035937500000000004 0.029687500000000002
0 0.45078125 0.48515625 0.026562500000000003 0.0328125
0 0.48515625 0.5046875000000001 0.029687500000000002 0.037500000000000006
0 0.43828125 0.53359375 0.026562500000000003 0.035937500000000004
0 0.49531250000000004 0.30625 0.03125 0.03125
0 0.625 0.38046875 0.025 0.026562500000000003
0 0.70234375 0.384375 0.0390625 0.059375000000000004
0 0.7562500000000001 0.32656250000000003 0.021875000000000002 0.025
