0 0.6312500000000001 0.8140625 0.025 0.028125
0 0.628125 0.7468750000000001 0.021875000000000002 0.040625
0 0.5945312500000001 0.74375 0.0234375 0.037500000000000006
0 0.58046875 0.70703125 0.0234375 0.035937500000000004
0 0.58203125 0.6578125 0.0234375 0.040625
0 0.5765625 0.6039062500000001 0.028125 0.0390625
0 0.54453125 0.5328125 0.026562500000000003 0.037500000000000006
0 0.696875 0.21484375 0.025 0.0203125
0 0.71796875 0.22031250000000002 0.0234375 0.018750000000000003
0 0.71640625 0.1640625 0.0234375 0.025
