0 0.44375000000000003 0.7390625000000001 0.028125 0.03125
0 0.44843750000000004 0.71484375 0.021875000000000002 0.026562500000000003
0 0.54609375 0.7117187500000001 0.0484375 0.0390625
0 0.61875 0.6921875000000001 0.018750000000000003 0.025
0 0.48984375 0.6296875000000001 0.029687500000000002 0.028125
0 0.59296875 0.5625 0.0203125 0.025
0 0.7796875000000001 0.36171875000000003 0.025 0.026562500000000003
0 0.7992187500000001 0.3140625 0.026562500000000003 0.025
0 0.9734375000000001 0.33125000000000004 0.025 0.028125
0 0.98046875 0.29765625 0.035937500000000004 0.0390625
