0 0.44609375 0.8015625000000001 0.026562500000000003 0.034375
0 0.45 0.775 0.021875000000000002 0.025
0 0.54609375 0.7718750000000001 0.0484375 0.040625
0 0.6179687500000001 0.7523437500000001 0.0203125 0.026562500000000003
0 0.49140625000000004 0.69140625 0.029687500000000002 0.029687500000000002
0 0.59140625 0.6234375000000001 0.0203125 0.025
0 0.7781250000000001 0.42421875000000003 0.028125 0.026562500000000003
0 0.79453125 0.3765625 0.0328125 0.025
0 0.9632812500000001 0.38671875 0.0234375 0.026562500000000003
0 0.98046875 0.36171875000000003 0.035937500000000004 0.0421875
