0 0.44609375 0.640625 0.0234375 0.025
0 0.45234375000000004 0.6171875 0.0203125 0.021875000000000002
0 0.54609375 0.6140625000000001 0.051562500000000004 0.037500000000000006
0 0.6218750000000001 0.5945312500000001 0.018750000000000003 0.0203125
0 0.5953125 0.46406250000000004 0.018750000000000003 0.025
0 0.7835937500000001 0.2609375 0.026562500000000003 0.028125
0 0.8054687500000001 0.21328125 0.026562500000000003 0.0234375
0 0.9828125000000001 0.24140625000000002 0.028125 0.029687500000000002
0 0.96484375 0.20703125 0.026562500000000003 0.0234375
0 0.9859375 0.1859375 0.028125 0.03125
0 0.49375 0.5328125 0.03125 0.025
