0 0.45 0.77265625 0.034375 0.029687500000000002
0 0.8453125 0.7039062500000001 0.025 0.0390625
0 0.9703125 0.7195312500000001 0.034375 0.0421875
0 0.7898437500000001 0.60703125 0.026562500000000003 0.0234375
0 0.7515625 0.47421875 0.03125 0.026562500000000003
0 0.7601562500000001 0.49062500000000003 0.029687500000000002 0.03125
0 0.6921875000000001 0.37734375000000003 0.034375 0.029687500000000002
0 0.47421875 0.21640625000000002 0.0421875 0.0234375
0 0.4734375 0.19140625 0.040625 0.0234375
0 0.6578125 0.26328125 0.040625 0.026562500000000003
0 0.6468750000000001 0.15937500000000002 0.034375 0.021875000000000002
