0 0.8367187500000001 0.8773437500000001 0.0328125 0.045312500000000006
0 0.9578125000000001 0.8828125 0.028125 0.03125
0 0.78125 0.784375 0.03125 0.028125
0 0.7359375 0.65390625 0.03125 0.026562500000000003
0 0.7523437500000001 0.67109375 0.0328125 0.035937500000000004
0 0.68359375 0.5546875 0.0328125 0.028125
0 0.65234375 0.44453125000000004 0.0390625 0.026562500000000003
0 0.46796875000000004 0.37343750000000003 0.0390625 0.021875000000000002
0 0.46875 0.39609375 0.040625 0.026562500000000003
0 0.6414062500000001 0.34296875000000004 0.0328125 0.026562500000000003
