0 0.41718750000000004 0.6726562500000001 0.028125 0.0390625
0 0.4625 0.6703125000000001 0.028125 0.037500000000000006
0 0.60703125 0.1296875 0.029687500000000002 0.025
0 0.6257812500000001 0.2671875 0.0234375 0.028125
0 0.6953125 0.30234375 0.028125 0.026562500000000003
0 0.79296875 0.21015625000000002 0.0390625 0.0328125
0 0.80234375 0.19843750000000002 0.045312500000000006 0.037500000000000006
0 0.60859375 0.14921875 0.026562500000000003 0.029687500000000002
0 0.765625 0.11328125 0.028125 0.0234375
0 0.9593750000000001 0.1125 0.043750000000000004 0.025
