0 0.41718750000000004 0.66953125 0.03125 0.0390625
0 0.46328125000000003 0.6687500000000001 0.029687500000000002 0.037500000000000006
0 0.603125 0.1328125 0.028125 0.025
0 0.60546875 0.15234375 0.026562500000000003 0.029687500000000002
0 0.62109375 0.265625 0.026562500000000003 0.03125
0 0.69140625 0.3015625 0.029687500000000002 0.028125
0 0.73828125 0.1078125 0.0203125 0.015625
0 0.765625 0.11484375000000001 0.03125 0.0234375
0 0.7890625 0.21171875 0.040625 0.029687500000000002
0 0.7976562500000001 0.2 0.045312500000000006 0.037500000000000006
0 0.953125 0.11406250000000001 0.040625 0.028125
