0 0.41796875 0.6664062500000001 0.029687500000000002 0.0390625
0 0.46328125000000003 0.6648437500000001 0.029687500000000002 0.035937500000000004
0 0.60078125 0.140625 0.026562500000000003 0.021875000000000002
0 0.603125 0.16015625 0.025 0.026562500000000003
0 0.609375 0.26640625 0.03125 0.026562500000000003
0 0.78125 0.21640625000000002 0.037500000000000006 0.029687500000000002
0 0.6875 0.30625 0.028125 0.028125
0 0.7914062500000001 0.20468750000000002 0.0421875 0.037500000000000006
0 0.7359375 0.11015625000000001 0.021875000000000002 0.0203125
0 0.76171875 0.11640625 0.029687500000000002 0.0234375
0 0.94296875 0.1171875 0.0421875 0.034375
