0 0.4140625 0.6781250000000001 0.03125 0.040625
0 0.46328125000000003 0.6781250000000001 0.029687500000000002 0.037500000000000006
0 0.634375 0.26796875000000003 0.025 0.029687500000000002
0 0.69921875 0.2984375 0.026562500000000003 0.028125
0 0.6101562500000001 0.12187500000000001 0.029687500000000002 0.028125
0 0.6125 0.14140625 0.028125 0.0328125
0 0.8015625000000001 0.20546875 0.040625 0.0328125
0 0.8109375000000001 0.19296875000000002 0.043750000000000004 0.0390625
0 0.7718750000000001 0.11093750000000001 0.028125 0.021875000000000002
0 0.971875 0.1078125 0.043750000000000004 0.015625
