0 0.41484375 0.675 0.029687500000000002 0.040625
0 0.4625 0.6734375 0.03125 0.037500000000000006
0 0.6078125000000001 0.125 0.028125 0.025
0 0.6109375 0.14609375 0.025 0.029687500000000002
0 0.63046875 0.26953125 0.0234375 0.026562500000000003
0 0.6984375 0.30312500000000003 0.03125 0.034375
0 0.7984375 0.20703125 0.040625 0.029687500000000002
0 0.80625 0.19453125000000002 0.043750000000000004 0.035937500000000004
0 0.7679687500000001 0.1125 0.026562500000000003 0.025
0 0.96640625 0.11093750000000001 0.0421875 0.021875000000000002
