0 0.42500000000000004 0.6531250000000001 0.028125 0.037500000000000006
0 0.46718750000000003 0.65390625 0.028125 0.035937500000000004
0 0.55 0.2703125 0.025 0.028125
0 0.5945312500000001 0.1640625 0.026562500000000003 0.021875000000000002
0 0.596875 0.18046875 0.025 0.029687500000000002
0 0.67734375 0.32343750000000004 0.035937500000000004 0.028125
0 0.76484375 0.234375 0.0390625 0.028125
0 0.77265625 0.22578125000000002 0.0390625 0.0328125
0 0.76875 0.13046875 0.03125 0.026562500000000003
0 0.77734375 0.10625000000000001 0.029687500000000002 0.0125
0 0.9125000000000001 0.13515625 0.040625 0.045312500000000006
0 0.7718750000000001 0.11796875000000001 0.025 0.0203125
