0 0.42421875000000003 0.6546875000000001 0.029687500000000002 0.037500000000000006
0 0.46640625 0.65390625 0.026562500000000003 0.035937500000000004
0 0.55234375 0.26640625 0.026562500000000003 0.029687500000000002
0 0.5953125 0.16328125000000002 0.025 0.0234375
0 0.596875 0.18046875 0.025 0.026562500000000003
0 0.67578125 0.32343750000000004 0.035937500000000004 0.028125
0 0.76484375 0.234375 0.035937500000000004 0.025
0 0.7734375 0.22578125000000002 0.040625 0.035937500000000004
0 0.9140625 0.13515625 0.040625 0.0484375
0 0.77265625 0.1265625 0.026562500000000003 0.025
0 0.7664062500000001 0.115625 0.026562500000000003 0.018750000000000003
0 0.7765625 0.10625000000000001 0.025 0.0125
