0 0.23984375000000002 0.4546875 0.026562500000000003 0.028125
0 0.24921875000000002 0.4890625 0.026562500000000003 0.025
0 0.6265625 0.390625 0.028125 0.025
0 0.73203125 0.48515625 0.026562500000000003 0.0234375
0 0.7453125 0.4765625 0.021875000000000002 0.025
0 0.6171875 0.6015625 0.028125 0.03125
0 0.72578125 0.6531250000000001 0.0171875 0.034375
0 0.73828125 0.6585937500000001 0.0234375 0.0390625
0 0.9031250000000001 0.5593750000000001 0.021875000000000002 0.025
0 0.94921875 0.6140625000000001 0.0203125 0.021875000000000002
0 0.8375 0.6109375 0.021875000000000002 0.034375
0 0.8265625000000001 0.62890625 0.021875000000000002 0.0234375
0 0.85859375 0.64375 0.026562500000000003 0.025
0 0.8835937500000001 0.63671875 0.026562500000000003 0.029687500000000002
0 0.85859375 0.7578125 0.0328125 0.05625
0 0.91328125 0.76328125 0.0203125 0.0234375
0 0.9148437500000001 0.84375 0.0234375 0.021875000000000002
