0 0.42109375000000004 0.66328125 0.026562500000000003 0.0390625
0 0.46484375 0.66171875 0.026562500000000003 0.035937500000000004
0 0.59765625 0.1546875 0.026562500000000003 0.021875000000000002
0 0.60078125 0.171875 0.0234375 0.03125
0 0.58984375 0.2703125 0.026562500000000003 0.028125
0 0.6796875 0.31875000000000003 0.03125 0.025
0 0.7718750000000001 0.22812500000000002 0.034375 0.028125
0 0.7820312500000001 0.21875 0.0421875 0.037500000000000006
0 0.7421875 0.11406250000000001 0.021875000000000002 0.018750000000000003
0 0.7609375 0.11953125 0.025 0.0234375
0 0.9296875 0.125 0.046875 0.046875
