0 0.2859375 0.28359375000000003 0.03125 0.029687500000000002
0 0.26953125 0.31562500000000004 0.026562500000000003 0.025
0 0.60703125 0.5015625 0.0234375 0.025
0 0.44843750000000004 0.659375 0.03125 0.028125
0 0.60859375 0.6546875000000001 0.0234375 0.025
0 0.6257812500000001 0.66015625 0.0171875 0.026562500000000003
0 0.4859375 0.765625 0.034375 0.018750000000000003
0 0.48671875000000003 0.78046875 0.0421875 0.0234375
0 0.67578125 0.8296875 0.0234375 0.025
0 0.571875 0.8203125 0.021875000000000002 0.025
0 0.58984375 0.828125 0.0171875 0.037500000000000006
0 0.584375 0.8546875 0.028125 0.018750000000000003
0 0.60546875 0.8679687500000001 0.026562500000000003 0.026562500000000003
0 0.66796875 0.8921875 0.0203125 0.015625
