0 0.2671875 0.5390625 0.025 0.03125
0 0.28984375 0.5671875000000001 0.026562500000000003 0.025
0 0.67578125 0.5281250000000001 0.029687500000000002 0.034375
0 0.79296875 0.53671875 0.0171875 0.035937500000000004
0 0.8093750000000001 0.5390625 0.021875000000000002 0.043750000000000004
0 0.95625 0.584375 0.03125 0.059375000000000004
0 0.60078125 0.33984375 0.029687500000000002 0.029687500000000002
0 0.73359375 0.38046875 0.026562500000000003 0.0234375
0 0.7445312500000001 0.36562500000000003 0.026562500000000003 0.025
0 0.91953125 0.38203125000000004 0.0234375 0.0234375
0 0.98359375 0.41328125000000004 0.0234375 0.0234375
0 0.88046875 0.47734375 0.026562500000000003 0.0203125
0 0.9085937500000001 0.47890625000000003 0.029687500000000002 0.026562500000000003
0 0.9304687500000001 0.4625 0.029687500000000002 0.025
0 0.8828125 0.45937500000000003 0.021875000000000002 0.021875000000000002
