0 0.24921875000000002 0.49843750000000003 0.026562500000000003 0.03125
0 0.26484375 0.53125 0.026562500000000003 0.021875000000000002
0 0.65 0.56875 0.025 0.03125
0 0.76484375 0.5984375000000001 0.0203125 0.040625
0 0.7820312500000001 0.6023437500000001 0.0203125 0.0421875
0 0.6156250000000001 0.36562500000000003 0.028125 0.028125
0 0.73828125 0.43203125000000003 0.029687500000000002 0.0234375
0 0.75 0.42031250000000003 0.025 0.025
0 0.92109375 0.46953125 0.0234375 0.026562500000000003
0 0.9750000000000001 0.51328125 0.021875000000000002 0.0234375
0 0.8640625000000001 0.53671875 0.021875000000000002 0.0171875
0 0.85859375 0.5546875 0.0234375 0.021875000000000002
0 0.88984375 0.5625 0.026562500000000003 0.028125
0 0.915625 0.5515625000000001 0.028125 0.028125
0 0.9148437500000001 0.6765625000000001 0.029687500000000002 0.05625
0 0.9710937500000001 0.66953125 0.0203125 0.0203125
0 0.9460937500000001 0.81015625 0.026562500000000003 0.045312500000000006
0 0.9890625000000001 0.7484375000000001 0.021875000000000002 0.021875000000000002
