0 0.42265625 0.6585937500000001 0.026562500000000003 0.0390625
0 0.46484375 0.6578125 0.026562500000000003 0.034375
0 0.596875 0.15859375 0.025 0.0234375
0 0.6000000000000001 0.1765625 0.025 0.028125
0 0.57578125 0.265625 0.0234375 0.028125
0 0.67890625 0.32109375 0.0328125 0.0328125
0 0.7671875 0.23125 0.034375 0.028125
0 0.7781250000000001 0.22109375 0.040625 0.035937500000000004
0 0.75390625 0.11171875 0.029687500000000002 0.0234375
0 0.76484375 0.125 0.026562500000000003 0.025
0 0.92109375 0.12812500000000002 0.0421875 0.046875
