0 0.42890625000000004 0.65 0.026562500000000003 0.037500000000000006
0 0.4703125 0.6492187500000001 0.025 0.035937500000000004
0 0.5203125000000001 0.27187500000000003 0.021875000000000002 0.028125
0 0.596875 0.17109375000000002 0.025 0.0203125
0 0.6000000000000001 0.18828125 0.025 0.026562500000000003
0 0.6804687500000001 0.33203125 0.029687500000000002 0.0390625
0 0.7601562500000001 0.2390625 0.029687500000000002 0.021875000000000002
0 0.77109375 0.23046875 0.0390625 0.0328125
0 0.76484375 0.1375 0.0234375 0.025
0 0.7765625 0.1171875 0.025 0.021875000000000002
0 0.790625 0.109375 0.028125 0.018750000000000003
0 0.90625 0.14140625 0.040625 0.0421875
