0 0.40390625 0.64609375 0.0328125 0.0390625
0 0.44375000000000003 0.65 0.025 0.034375
0 0.52109375 0.2765625 0.0234375 0.028125
0 0.6882812500000001 0.35859375000000004 0.035937500000000004 0.0390625
0 0.77890625 0.27734375 0.0328125 0.026562500000000003
0 0.7898437500000001 0.2703125 0.035937500000000004 0.034375
0 0.625 0.18984375 0.025 0.0203125
0 0.62421875 0.2078125 0.0234375 0.025
0 0.821875 0.12812500000000002 0.025 0.025
0 0.8171875000000001 0.15156250000000002 0.03125 0.028125
0 0.79453125 0.17421875 0.029687500000000002 0.0328125
0 0.9281250000000001 0.19687500000000002 0.040625 0.040625
0 0.953125 0.14375000000000002 0.018750000000000003 0.018750000000000003
