0 0.4234375 0.66015625 0.03125 0.0390625
0 0.465625 0.659375 0.025 0.034375
0 0.59765625 0.15703125 0.026562500000000003 0.0234375
0 0.60078125 0.17500000000000002 0.026562500000000003 0.028125
0 0.58046875 0.26796875000000003 0.0234375 0.026562500000000003
0 0.6804687500000001 0.31796875 0.0328125 0.026562500000000003
0 0.76953125 0.23125 0.035937500000000004 0.028125
0 0.7796875000000001 0.22109375 0.040625 0.035937500000000004
0 0.7515625 0.11171875 0.025 0.0234375
0 0.7640625000000001 0.12187500000000001 0.028125 0.025
0 0.9242187500000001 0.12734375 0.045312500000000006 0.0484375
