0 0.42500000000000004 0.65234375 0.028125 0.035937500000000004
0 0.46640625 0.65234375 0.026562500000000003 0.035937500000000004
0 0.52734375 0.275 0.0234375 0.028125
0 0.5921875 0.171875 0.025 0.025
0 0.59609375 0.1875 0.0234375 0.025
0 0.67109375 0.32890625 0.026562500000000003 0.029687500000000002
0 0.7585937500000001 0.23984375000000002 0.0328125 0.029687500000000002
0 0.7679687500000001 0.23046875 0.035937500000000004 0.035937500000000004
0 0.7679687500000001 0.13046875 0.0203125 0.0234375
0 0.7781250000000001 0.11640625 0.025 0.0203125
0 0.7921875 0.109375 0.025 0.018750000000000003
0 0.9085937500000001 0.1421875 0.0390625 0.043750000000000004
