0 0.34921875 0.22578125000000002 0.035937500000000004 0.0328125
0 0.32109375 0.25 0.026562500000000003 0.028125
0 0.5796875 0.53828125 0.025 0.026562500000000003
0 0.521875 0.68671875 0.021875000000000002 0.026562500000000003
0 0.5375 0.69453125 0.021875000000000002 0.026562500000000003
0 0.43203125000000003 0.82734375 0.0203125 0.0234375
0 0.44921875 0.8343750000000001 0.0171875 0.03125
0 0.43671875000000004 0.859375 0.0234375 0.021875000000000002
0 0.44609375 0.8812500000000001 0.0234375 0.025
0 0.525 0.87109375 0.021875000000000002 0.0234375
0 0.36875 0.63046875 0.040625 0.029687500000000002
0 0.37031250000000004 0.74765625 0.034375 0.0171875
0 0.36640625000000004 0.7640625000000001 0.0421875 0.025
