0 0.42265625 0.65546875 0.026562500000000003 0.035937500000000004
0 0.46484375 0.65546875 0.026562500000000003 0.035937500000000004
0 0.5953125 0.16171875000000002 0.025 0.0203125
0 0.59765625 0.178125 0.0234375 0.028125
0 0.56015625 0.2671875 0.0234375 0.028125
0 0.6781250000000001 0.3203125 0.028125 0.025
0 0.76328125 0.234375 0.0328125 0.028125
0 0.7742187500000001 0.2234375 0.035937500000000004 0.037500000000000006
0 0.77109375 0.1265625 0.026562500000000003 0.025
0 0.765625 0.11328125 0.025 0.0203125
0 0.915625 0.134375 0.043750000000000004 0.046875
