0 0.42500000000000004 0.6531250000000001 0.028125 0.037500000000000006
0 0.46640625 0.65234375 0.026562500000000003 0.035937500000000004
0 0.53515625 0.2703125 0.0234375 0.028125
0 0.5921875 0.17109375000000002 0.025 0.026562500000000003
0 0.5953125 0.18515625000000002 0.025 0.026562500000000003
0 0.6726562500000001 0.32343750000000004 0.0328125 0.028125
0 0.759375 0.23750000000000002 0.034375 0.028125
0 0.76953125 0.22890625 0.0390625 0.0328125
0 0.7664062500000001 0.1328125 0.0234375 0.021875000000000002
0 0.7734375 0.115625 0.025 0.025
0 0.7890625 0.10859375 0.03125 0.0171875
0 0.909375 0.13984375000000002 0.040625 0.045312500000000006
