0 0.42578125 0.65234375 0.026562500000000003 0.035937500000000004
0 0.46796875000000004 0.6531250000000001 0.026562500000000003 0.034375
0 0.5945312500000001 0.16875 0.026562500000000003 0.025
0 0.596875 0.18359375 0.025 0.026562500000000003
0 0.54296875 0.27109375 0.0234375 0.026562500000000003
0 0.6765625000000001 0.32265625000000003 0.03125 0.026562500000000003
0 0.76171875 0.23593750000000002 0.035937500000000004 0.028125
0 0.7703125000000001 0.22812500000000002 0.037500000000000006 0.03125
0 0.7671875 0.13046875 0.028125 0.0203125
0 0.7765625 0.11328125 0.028125 0.0203125
0 0.78828125 0.10625000000000001 0.029687500000000002 0.0125
0 0.91015625 0.13671875 0.0421875 0.045312500000000006
