0 0.32578125 0.6078125000000001 0.026562500000000003 0.034375
0 0.359375 0.6257812500000001 0.025 0.029687500000000002
0 0.56171875 0.30234375 0.026562500000000003 0.026562500000000003
0 0.6984375 0.2625 0.028125 0.021875000000000002
0 0.6937500000000001 0.28046875 0.025 0.0234375
0 0.86328125 0.209375 0.026562500000000003 0.028125
0 0.9375 0.209375 0.021875000000000002 0.025
0 0.6984375 0.4375 0.028125 0.03125
0 0.8109375000000001 0.40156250000000004 0.025 0.034375
0 0.8234375 0.3984375 0.028125 0.040625
0 0.8640625000000001 0.31328125 0.028125 0.0234375
0 0.8921875 0.30078125 0.028125 0.029687500000000002
0 0.9046875000000001 0.278125 0.025 0.028125
0 0.9796875 0.38125000000000003 0.034375 0.053125000000000006
