0 0.23750000000000002 0.40859375000000003 0.028125 0.0234375
0 0.24140625000000002 0.446875 0.026562500000000003 0.018750000000000003
0 0.63046875 0.41796875 0.029687500000000002 0.026562500000000003
0 0.7156250000000001 0.5328125 0.025 0.025
0 0.7296875 0.5281250000000001 0.021875000000000002 0.025
0 0.58125 0.6296875000000001 0.03125 0.028125
0 0.6765625000000001 0.6976562500000001 0.028125 0.035937500000000004
0 0.68671875 0.7054687500000001 0.029687500000000002 0.0390625
0 0.8695312500000001 0.6375000000000001 0.0234375 0.028125
0 0.77890625 0.6937500000000001 0.0234375 0.025
0 0.79609375 0.6828125 0.0234375 0.034375
0 0.81015625 0.7125 0.026562500000000003 0.028125
0 0.8359375 0.7117187500000001 0.025 0.026562500000000003
0 0.9046875000000001 0.7000000000000001 0.021875000000000002 0.028125
0 0.8445312500000001 0.8421875000000001 0.0171875 0.025
0 0.7921875 0.8265625000000001 0.040625 0.05
