0 0.4265625 0.6531250000000001 0.028125 0.037500000000000006
0 0.46796875000000004 0.6531250000000001 0.026562500000000003 0.037500000000000006
0 0.59375 0.16640625 0.028125 0.026562500000000003
0 0.596875 0.18281250000000002 0.025 0.028125
0 0.546875 0.27187500000000003 0.021875000000000002 0.028125
0 0.6742187500000001 0.321875 0.029687500000000002 0.028125
0 0.7625000000000001 0.23515625 0.034375 0.026562500000000003
0 0.77265625 0.225 0.0390625 0.034375
0 0.7703125000000001 0.12734375 0.025 0.029687500000000002
0 0.7703125000000001 0.11640625 0.021875000000000002 0.0234375
0 0.7835937500000001 0.10625000000000001 0.026562500000000003 0.0125
0 0.91171875 0.13671875 0.0421875 0.0484375
