0 0.4234375 0.65625 0.025 0.037500000000000006
0 0.465625 0.65625 0.025 0.037500000000000006
0 0.5945312500000001 0.16015625 0.026562500000000003 0.0203125
0 0.59765625 0.17734375000000002 0.0234375 0.029687500000000002
0 0.5632812500000001 0.2671875 0.0234375 0.028125
0 0.67734375 0.31796875 0.026562500000000003 0.0234375
0 0.7640625000000001 0.23046875 0.034375 0.026562500000000003
0 0.7757812500000001 0.22265625 0.0390625 0.035937500000000004
0 0.9164062500000001 0.13125 0.0421875 0.046875
0 0.76953125 0.1265625 0.0234375 0.021875000000000002
0 0.7578125 0.11640625 0.025 0.0234375
0 0.765625 0.10546875 0.03125 0.010937500000000001
