0 0.42890625000000004 0.6507812500000001 0.026562500000000003 0.035937500000000004
0 0.4703125 0.6507812500000001 0.025 0.035937500000000004
0 0.515625 0.27187500000000003 0.025 0.028125
0 0.59765625 0.17109375000000002 0.026562500000000003 0.0234375
0 0.6000000000000001 0.18828125 0.025 0.026562500000000003
0 0.67890625 0.3328125 0.026562500000000003 0.037500000000000006
0 0.7625000000000001 0.23984375000000002 0.034375 0.026562500000000003
0 0.7718750000000001 0.23125 0.037500000000000006 0.034375
0 0.7640625000000001 0.13828125 0.025 0.0234375
0 0.77734375 0.11953125 0.029687500000000002 0.0234375
0 0.7890625 0.11015625000000001 0.028125 0.0203125
0 0.90234375 0.1453125 0.0421875 0.034375
