0 0.421875 0.6648437500000001 0.03125 0.0390625
0 0.46484375 0.6640625 0.029687500000000002 0.034375
0 0.60078125 0.14765625000000002 0.026562500000000003 0.0234375
0 0.6039062500000001 0.16640625 0.026562500000000003 0.029687500000000002
0 0.7367187500000001 0.11093750000000001 0.0203125 0.021875000000000002
0 0.7625000000000001 0.12109375 0.028125 0.029687500000000002
0 0.9375 0.1203125 0.043750000000000004 0.040625
0 0.6015625 0.27265625 0.025 0.026562500000000003
0 0.68671875 0.30859375 0.0328125 0.029687500000000002
0 0.77890625 0.2234375 0.0390625 0.028125
0 0.7890625 0.2109375 0.040625 0.034375
