0 0.42109375000000004 0.6570312500000001 0.026562500000000003 0.035937500000000004
0 0.465625 0.6570312500000001 0.028125 0.035937500000000004
0 0.5953125 0.15937500000000002 0.025 0.021875000000000002
0 0.59765625 0.1765625 0.026562500000000003 0.028125
0 0.56796875 0.26640625 0.026562500000000003 0.029687500000000002
0 0.67734375 0.31953125000000004 0.0328125 0.029687500000000002
0 0.765625 0.23125 0.034375 0.028125
0 0.7757812500000001 0.22265625 0.0390625 0.035937500000000004
0 0.7671875 0.12734375 0.025 0.0234375
0 0.75703125 0.11171875 0.0203125 0.0171875
0 0.9187500000000001 0.13046875 0.040625 0.045312500000000006
0 0.7664062500000001 0.10546875 0.0328125 0.010937500000000001
