0 0.41875 0.6664062500000001 0.034375 0.0390625
0 0.46406250000000004 0.6648437500000001 0.028125 0.035937500000000004
0 0.6046875 0.27265625 0.025 0.026562500000000003
0 0.6015625 0.14453125 0.025 0.0234375
0 0.603125 0.1625 0.025 0.03125
0 0.68671875 0.30703125000000003 0.029687500000000002 0.029687500000000002
0 0.78125 0.22109375 0.037500000000000006 0.029687500000000002
0 0.7898437500000001 0.2109375 0.0421875 0.037500000000000006
0 0.7367187500000001 0.10859375 0.0203125 0.0171875
0 0.7609375 0.1203125 0.028125 0.025
0 0.9421875000000001 0.11953125 0.043750000000000004 0.0390625
