0 0.24375000000000002 0.36953125000000003 0.028125 0.026562500000000003
0 0.24140625000000002 0.40859375000000003 0.026562500000000003 0.026562500000000003
0 0.62890625 0.44453125000000004 0.029687500000000002 0.026562500000000003
0 0.69140625 0.5734375 0.026562500000000003 0.025
0 0.70703125 0.57421875 0.0234375 0.026562500000000003
0 0.540625 0.64609375 0.034375 0.0328125
0 0.82578125 0.70859375 0.0234375 0.029687500000000002
0 0.74609375 0.7445312500000001 0.0203125 0.0421875
0 0.7265625 0.7429687500000001 0.025 0.026562500000000003
0 0.6234375000000001 0.7296875 0.03125 0.028125
0 0.6328125 0.7406250000000001 0.037500000000000006 0.034375
0 0.753125 0.7718750000000001 0.028125 0.018750000000000003
0 0.7781250000000001 0.77109375 0.025 0.026562500000000003
0 0.846875 0.7718750000000001 0.021875000000000002 0.028125
0 0.7132812500000001 0.8773437500000001 0.0484375 0.045312500000000006
