0 0.3640625 0.2109375 0.034375 0.028125
0 0.33515625000000004 0.2328125 0.026562500000000003 0.028125
0 0.57578125 0.534375 0.0234375 0.028125
0 0.35546875 0.6179687500000001 0.0390625 0.026562500000000003
0 0.5078125 0.6820312500000001 0.021875000000000002 0.026562500000000003
0 0.521875 0.69140625 0.018750000000000003 0.026562500000000003
0 0.35234375 0.73359375 0.0328125 0.0203125
0 0.34687500000000004 0.75 0.043750000000000004 0.025
0 0.43203125000000003 0.8210937500000001 0.026562500000000003 0.029687500000000002
0 0.40703125 0.81953125 0.0234375 0.0234375
0 0.41328125000000004 0.846875 0.0234375 0.034375
0 0.42031250000000003 0.87265625 0.025 0.0203125
0 0.49921875000000004 0.8656250000000001 0.0234375 0.025
