0 0.30234375 0.5890625 0.026562500000000003 0.034375
0 0.3328125 0.60859375 0.025 0.029687500000000002
0 0.578125 0.31484375000000003 0.025 0.0234375
0 0.696875 0.47187500000000004 0.028125 0.034375
0 0.8132812500000001 0.44921875 0.0234375 0.0390625
0 0.8250000000000001 0.446875 0.025 0.043750000000000004
0 0.7125 0.31328125 0.025 0.0234375
0 0.7195312500000001 0.29609375 0.026562500000000003 0.0203125
0 0.890625 0.26640625 0.025 0.0234375
0 0.9625 0.278125 0.021875000000000002 0.025
0 0.8773437500000001 0.3671875 0.026562500000000003 0.025
0 0.90625 0.3609375 0.028125 0.028125
0 0.9234375 0.33984375 0.028125 0.026562500000000003
0 0.9828125000000001 0.453125 0.034375 0.05625
