0 0.36953125000000003 0.23671875 0.0328125 0.029687500000000002
0 0.33906250000000004 0.25703125 0.025 0.029687500000000002
0 0.578125 0.55625 0.021875000000000002 0.028125
0 0.353125 0.6421875 0.046875 0.025
0 0.503125 0.70703125 0.021875000000000002 0.026562500000000003
0 0.51875 0.71640625 0.018750000000000003 0.026562500000000003
0 0.34375 0.75546875 0.040625 0.0171875
0 0.34375 0.76953125 0.040625 0.0234375
0 0.44453125000000004 0.82421875 0.0203125 0.0203125
0 0.39765625000000004 0.84375 0.0171875 0.018750000000000003
0 0.40937500000000004 0.8609375 0.028125 0.025
0 0.41484375 0.88828125 0.0234375 0.0234375
0 0.49375 0.8875000000000001 0.025 0.021875000000000002
