0 0.42578125 0.65234375 0.026562500000000003 0.035937500000000004
0 0.46718750000000003 0.65234375 0.025 0.035937500000000004
0 0.5398437500000001 0.27109375 0.0203125 0.026562500000000003
0 0.59375 0.16953125000000002 0.025 0.026562500000000003
0 0.596875 0.184375 0.025 0.028125
0 0.6742187500000001 0.32421875 0.029687500000000002 0.026562500000000003
0 0.76171875 0.23671875 0.0328125 0.026562500000000003
0 0.7703125000000001 0.22968750000000002 0.037500000000000006 0.034375
0 0.909375 0.1375 0.043750000000000004 0.046875
0 0.7679687500000001 0.13203125000000002 0.0234375 0.0234375
0 0.7718750000000001 0.1125 0.021875000000000002 0.021875000000000002
0 0.790625 0.10859375 0.03125 0.0171875
