0 0.43125 0.6507812500000001 0.028125 0.035937500000000004
0 0.47109375000000003 0.6507812500000001 0.026562500000000003 0.035937500000000004
0 0.51484375 0.275 0.0234375 0.028125
0 0.59765625 0.171875 0.0234375 0.021875000000000002
0 0.60078125 0.18906250000000002 0.0234375 0.025
0 0.6796875 0.33359375 0.028125 0.0390625
0 0.7625000000000001 0.240625 0.037500000000000006 0.025
0 0.77109375 0.23046875 0.0390625 0.0328125
0 0.76484375 0.1390625 0.0234375 0.021875000000000002
0 0.77734375 0.11796875000000001 0.026562500000000003 0.0234375
0 0.7898437500000001 0.11093750000000001 0.026562500000000003 0.021875000000000002
0 0.90234375 0.14453125 0.0421875 0.035937500000000004
