0 0.36328125 0.634375 0.026562500000000003 0.03125
0 0.4 0.6429687500000001 0.021875000000000002 0.026562500000000003
0 0.5390625 0.28671875 0.028125 0.026562500000000003
0 0.66171875 0.22031250000000002 0.026562500000000003 0.018750000000000003
0 0.659375 0.23828125 0.025 0.0234375
0 0.6937500000000001 0.39296875000000003 0.034375 0.029687500000000002
0 0.7992187500000001 0.3328125 0.026562500000000003 0.03125
0 0.81171875 0.32656250000000003 0.0328125 0.037500000000000006
0 0.81015625 0.13671875 0.029687500000000002 0.026562500000000003
0 0.884375 0.12109375 0.021875000000000002 0.0234375
0 0.86640625 0.19375 0.0234375 0.028125
0 0.8328125000000001 0.23359375000000002 0.028125 0.029687500000000002
0 0.8601562500000001 0.21796875000000002 0.026562500000000003 0.029687500000000002
0 0.96015625 0.27890625 0.0390625 0.0484375
0 0.9929687500000001 0.2328125 0.0140625 0.021875000000000002
