0 0.421875 0.6648437500000001 0.03125 0.0390625
0 0.46640625 0.66328125 0.026562500000000003 0.035937500000000004
0 0.60078125 0.15078125 0.026562500000000003 0.0234375
0 0.603125 0.16875 0.025 0.028125
0 0.5984375000000001 0.26953125 0.021875000000000002 0.029687500000000002
0 0.68671875 0.31015625 0.029687500000000002 0.026562500000000003
0 0.7781250000000001 0.22421875000000002 0.040625 0.029687500000000002
0 0.78671875 0.21406250000000002 0.0421875 0.034375
0 0.7406250000000001 0.11171875 0.018750000000000003 0.0234375
0 0.7601562500000001 0.11796875000000001 0.0234375 0.026562500000000003
0 0.93671875 0.12265625000000001 0.0484375 0.045312500000000006
