0 0.29375 0.278125 0.025 0.025
0 0.31640625 0.2515625 0.0328125 0.028125
0 0.59140625 0.5242187500000001 0.0234375 0.026562500000000003
0 0.39765625000000004 0.6492187500000001 0.0390625 0.026562500000000003
0 0.56015625 0.6765625000000001 0.0203125 0.025
0 0.57734375 0.6843750000000001 0.0171875 0.028125
0 0.41953125 0.7625000000000001 0.0328125 0.018750000000000003
0 0.415625 0.77734375 0.040625 0.0203125
0 0.59296875 0.8625 0.0234375 0.025
0 0.49453125000000003 0.83125 0.0234375 0.025
0 0.5078125 0.8406250000000001 0.015625 0.034375
0 0.5 0.86640625 0.028125 0.0203125
0 0.515625 0.884375 0.025 0.025
