0 0.42734375 0.6515625 0.026562500000000003 0.037500000000000006
0 0.46796875000000004 0.65234375 0.026562500000000003 0.035937500000000004
0 0.5085937500000001 0.27421875 0.0234375 0.026562500000000003
0 0.59921875 0.17578125 0.026562500000000003 0.0234375
0 0.6023437500000001 0.1921875 0.0234375 0.028125
0 0.6796875 0.328125 0.025 0.028125
0 0.7640625000000001 0.24609375 0.034375 0.029687500000000002
0 0.7718750000000001 0.2390625 0.037500000000000006 0.034375
0 0.7671875 0.14453125 0.025 0.026562500000000003
0 0.77734375 0.12578125 0.026562500000000003 0.0234375
0 0.7898437500000001 0.11484375000000001 0.026562500000000003 0.029687500000000002
0 0.90234375 0.15234375 0.0421875 0.035937500000000004
