0 0.42109375000000004 0.6625000000000001 0.029687500000000002 0.037500000000000006
0 0.4625 0.6609375000000001 0.021875000000000002 0.034375
0 0.596875 0.15625 0.025 0.021875000000000002
0 0.6000000000000001 0.17421875 0.025 0.029687500000000002
0 0.584375 0.27109375 0.021875000000000002 0.026562500000000003
0 0.6820312500000001 0.31953125000000004 0.026562500000000003 0.026562500000000003
0 0.77109375 0.22968750000000002 0.0328125 0.028125
0 0.78125 0.22031250000000002 0.040625 0.034375
0 0.74921875 0.11484375000000001 0.0203125 0.0203125
0 0.7625000000000001 0.12109375 0.025 0.026562500000000003
0 0.92734375 0.12734375 0.0484375 0.0484375
