0 0.42812500000000003 0.6507812500000001 0.025 0.035937500000000004
0 0.46953125 0.6507812500000001 0.026562500000000003 0.035937500000000004
0 0.521875 0.2734375 0.021875000000000002 0.025
0 0.5953125 0.17109375000000002 0.025 0.0203125
0 0.5984375000000001 0.18828125 0.025 0.026562500000000003
0 0.67734375 0.33125000000000004 0.026562500000000003 0.037500000000000006
0 0.7585937500000001 0.2390625 0.029687500000000002 0.025
0 0.7718750000000001 0.23046875 0.037500000000000006 0.0328125
0 0.7640625000000001 0.1375 0.025 0.025
0 0.7742187500000001 0.11875000000000001 0.0234375 0.021875000000000002
0 0.7898437500000001 0.10859375 0.029687500000000002 0.0171875
0 0.9078125 0.1421875 0.040625 0.043750000000000004
