0 0.42421875000000003 0.65234375 0.029687500000000002 0.035937500000000004
0 0.46718750000000003 0.6515625 0.028125 0.034375
0 0.53046875 0.2734375 0.0234375 0.028125
0 0.5921875 0.171875 0.025 0.025
0 0.59609375 0.1875 0.0234375 0.025
0 0.6734375 0.325 0.034375 0.028125
0 0.76171875 0.240625 0.035937500000000004 0.028125
0 0.76875 0.23125 0.037500000000000006 0.037500000000000006
0 0.9078125 0.140625 0.043750000000000004 0.046875
0 0.7671875 0.13359375 0.021875000000000002 0.0234375
0 0.7742187500000001 0.1171875 0.026562500000000003 0.018750000000000003
0 0.7898437500000001 0.10859375 0.026562500000000003 0.0171875
