0 0.37031250000000004 0.21171875 0.034375 0.029687500000000002
0 0.33984375 0.2328125 0.026562500000000003 0.028125
0 0.57578125 0.53671875 0.0203125 0.026562500000000003
0 0.34687500000000004 0.6179687500000001 0.03125 0.029687500000000002
0 0.50234375 0.68671875 0.0234375 0.026562500000000003
0 0.5164062500000001 0.6960937500000001 0.0203125 0.026562500000000003
0 0.34687500000000004 0.7351562500000001 0.03125 0.0203125
0 0.34140625 0.74921875 0.0421875 0.026562500000000003
0 0.43593750000000003 0.81015625 0.018750000000000003 0.0203125
0 0.3984375 0.8210937500000001 0.021875000000000002 0.0234375
0 0.40468750000000003 0.8406250000000001 0.028125 0.03125
0 0.4109375 0.8718750000000001 0.025 0.03125
0 0.49062500000000003 0.8695312500000001 0.025 0.026562500000000003
