0 0.34609375000000003 0.5734375 0.0203125 0.021875000000000002
0 0.37812500000000004 0.5789062500000001 0.018750000000000003 0.0234375
0 0.58828125 0.13359375 0.0171875 0.0234375
0 0.52109375 0.2234375 0.0203125 0.025
0 0.56640625 0.2 0.0203125 0.021875000000000002
0 0.59765625 0.178125 0.0234375 0.021875000000000002
0 0.5796875 0.22109375 0.028125 0.0234375
0 0.59921875 0.34218750000000003 0.0328125 0.034375
0 0.6734375 0.27187500000000003 0.034375 0.028125
0 0.69921875 0.259375 0.026562500000000003 0.028125
0 0.8148437500000001 0.20625000000000002 0.026562500000000003 0.046875
0 0.9109375000000001 0.25390625 0.018750000000000003 0.029687500000000002
0 0.92734375 0.259375 0.0203125 0.028125
