0 0.33671875 0.77734375 0.0203125 0.0234375
0 0.37031250000000004 0.7828125 0.018750000000000003 0.025
0 0.515625 0.4265625 0.0125 0.018750000000000003
0 0.5890625 0.33515625000000004 0.018750000000000003 0.0234375
0 0.5945312500000001 0.384375 0.0234375 0.018750000000000003
0 0.5625 0.40703125 0.018750000000000003 0.026562500000000003
0 0.578125 0.42812500000000003 0.03125 0.021875000000000002
0 0.59609375 0.5476562500000001 0.029687500000000002 0.0328125
0 0.6742187500000001 0.47734375 0.026562500000000003 0.026562500000000003
0 0.69453125 0.4703125 0.0328125 0.028125
0 0.8109375000000001 0.41328125000000004 0.025 0.051562500000000004
0 0.909375 0.4625 0.018750000000000003 0.03125
0 0.92578125 0.46796875000000004 0.0203125 0.0328125
