0 0.34453125 0.6312500000000001 0.0203125 0.021875000000000002
0 0.37734375000000003 0.63671875 0.0171875 0.0234375
0 0.5890625 0.19062500000000002 0.018750000000000003 0.025
0 0.5203125000000001 0.28359375000000003 0.018750000000000003 0.029687500000000002
0 0.565625 0.26015625000000003 0.018750000000000003 0.0234375
0 0.59765625 0.23515625 0.0234375 0.0203125
0 0.5796875 0.27890625 0.028125 0.0234375
0 0.6000000000000001 0.40156250000000004 0.03125 0.034375
0 0.67734375 0.3296875 0.029687500000000002 0.025
0 0.69453125 0.32265625000000003 0.0328125 0.029687500000000002
0 0.8140625 0.26406250000000003 0.025 0.05
0 0.9109375000000001 0.3140625 0.018750000000000003 0.03125
0 0.92734375 0.32109375 0.0203125 0.029687500000000002
