0 0.33984375 0.71796875 0.0203125 0.0234375
0 0.371875 0.7250000000000001 0.018750000000000003 0.025
0 0.58984375 0.27890625 0.0171875 0.0234375
0 0.5164062500000001 0.36953125000000003 0.0140625 0.0171875
0 0.59609375 0.32578125 0.0234375 0.0171875
0 0.56484375 0.35078125000000004 0.0203125 0.0234375
0 0.5789062500000001 0.36875 0.029687500000000002 0.021875000000000002
0 0.6765625000000001 0.42031250000000003 0.025 0.028125
0 0.696875 0.41328125000000004 0.028125 0.026562500000000003
0 0.59765625 0.49062500000000003 0.029687500000000002 0.034375
0 0.8125 0.35546875 0.025 0.051562500000000004
0 0.91015625 0.40390625 0.0203125 0.0328125
0 0.9265625000000001 0.4109375 0.021875000000000002 0.03125
