0 0.21328125 0.57265625 0.0328125 0.029687500000000002
0 0.23593750000000002 0.6000000000000001 0.03125 0.025
0 0.6953125 0.44062500000000004 0.021875000000000002 0.021875000000000002
0 0.79609375 0.3328125 0.0203125 0.018750000000000003
0 0.8695312500000001 0.19765625 0.0234375 0.029687500000000002
0 0.9007812500000001 0.19453125000000002 0.026562500000000003 0.029687500000000002
0 0.90546875 0.49531250000000004 0.0390625 0.05625
0 0.978125 0.6117187500000001 0.025 0.0390625
0 0.7296875 0.4734375 0.021875000000000002 0.034375
0 0.7484375000000001 0.47734375 0.015625 0.0234375
0 0.765625 0.47421875 0.015625 0.0234375
