0 0.209375 0.5328125 0.03125 0.03125
0 0.23125 0.56015625 0.03125 0.0234375
0 0.7898437500000001 0.2703125 0.0203125 0.015625
0 0.6960937500000001 0.38515625000000003 0.026562500000000003 0.029687500000000002
0 0.7289062500000001 0.434375 0.035937500000000004 0.03125
0 0.753125 0.43593750000000003 0.025 0.025
0 0.8968750000000001 0.45625000000000004 0.037500000000000006 0.05625
0 0.9703125 0.55 0.025 0.025
0 0.97265625 0.5765625 0.0234375 0.028125
0 0.8773437500000001 0.1484375 0.0234375 0.021875000000000002
0 0.91015625 0.1625 0.0234375 0.025
