0 0.20468750000000002 0.46328125000000003 0.03125 0.029687500000000002
0 0.22734375 0.49062500000000003 0.029687500000000002 0.025
0 0.77265625 0.19453125000000002 0.0203125 0.026562500000000003
0 0.68359375 0.296875 0.026562500000000003 0.025
0 0.7156250000000001 0.35781250000000003 0.028125 0.028125
0 0.7406250000000001 0.3609375 0.03125 0.025
0 0.88671875 0.37812500000000004 0.035937500000000004 0.053125000000000006
0 0.9539062500000001 0.47109375000000003 0.0171875 0.0203125
0 0.9625 0.48671875000000003 0.025 0.0203125
0 0.96875 0.5 0.025 0.018750000000000003
