0 0.19843750000000002 0.40937500000000004 0.03125 0.03125
0 0.22109375 0.43593750000000003 0.0328125 0.025
0 0.6820312500000001 0.246875 0.026562500000000003 0.025
0 0.7578125 0.15078125 0.028125 0.026562500000000003
0 0.7117187500000001 0.30781250000000004 0.026562500000000003 0.028125
0 0.7359375 0.31015625 0.028125 0.029687500000000002
0 0.8828125 0.33046875000000003 0.034375 0.051562500000000004
0 0.95078125 0.4265625 0.0203125 0.025
0 0.9578125000000001 0.44453125000000004 0.021875000000000002 0.0203125
0 0.9695312500000001 0.45156250000000003 0.026562500000000003 0.018750000000000003
