0 0.20859375000000002 0.54140625 0.029687500000000002 0.029687500000000002
0 0.23203125000000002 0.56953125 0.0328125 0.0234375
0 0.7953125000000001 0.28046875 0.025 0.0171875
0 0.696875 0.3984375 0.025 0.025
0 0.7289062500000001 0.4421875 0.0328125 0.028125
0 0.7546875000000001 0.446875 0.025 0.028125
0 0.8984375 0.465625 0.037500000000000006 0.05625
0 0.9750000000000001 0.5609375 0.03125 0.025
0 0.9734375000000001 0.5859375 0.025 0.025
0 0.8765625 0.15859375 0.03125 0.0234375
0 0.9031250000000001 0.1703125 0.03125 0.021875000000000002
