0 0.21406250000000002 0.56640625 0.03125 0.0328125
0 0.23515625 0.59296875 0.0328125 0.0234375
0 0.87265625 0.18984375 0.0234375 0.0234375
0 0.90390625 0.19140625 0.0234375 0.026562500000000003
0 0.796875 0.31875000000000003 0.021875000000000002 0.025
0 0.69453125 0.43125 0.0234375 0.021875000000000002
0 0.7351562500000001 0.465625 0.035937500000000004 0.028125
0 0.75703125 0.46875 0.026562500000000003 0.025
0 0.90546875 0.48828125 0.035937500000000004 0.0546875
0 0.98046875 0.6046875 0.0203125 0.034375
