0 0.20625000000000002 0.49609375 0.03125 0.029687500000000002
0 0.22812500000000002 0.521875 0.03125 0.025
0 0.77734375 0.2328125 0.026562500000000003 0.021875000000000002
0 0.6882812500000001 0.33203125 0.026562500000000003 0.026562500000000003
0 0.7210937500000001 0.39296875000000003 0.0328125 0.026562500000000003
0 0.7453125 0.3984375 0.025 0.028125
0 0.890625 0.41640625000000003 0.037500000000000006 0.0546875
0 0.95859375 0.51015625 0.0234375 0.0234375
0 0.9640625 0.525 0.021875000000000002 0.018750000000000003
0 0.9710937500000001 0.5390625 0.026562500000000003 0.021875000000000002
0 0.8679687500000001 0.109375 0.0234375 0.018750000000000003
0 0.9242187500000001 0.1203125 0.026562500000000003 0.034375
