0 0.2015625 0.4296875 0.03125 0.03125
0 0.2234375 0.45625000000000004 0.03125 0.025
0 0.76328125 0.1625 0.0203125 0.021875000000000002
0 0.6804687500000001 0.26328125 0.026562500000000003 0.0234375
0 0.7132812500000001 0.32343750000000004 0.0328125 0.028125
0 0.73828125 0.328125 0.026562500000000003 0.028125
0 0.8835937500000001 0.34453125 0.035937500000000004 0.0546875
0 0.95078125 0.43828125 0.0171875 0.0203125
0 0.95859375 0.45703125 0.0203125 0.0234375
0 0.96640625 0.46875 0.0234375 0.018750000000000003
