0 0.2078125 0.5140625 0.03125 0.03125
0 0.22968750000000002 0.54140625 0.03125 0.0234375
0 0.6937500000000001 0.35859375000000004 0.025 0.0234375
0 0.784375 0.24921875000000002 0.018750000000000003 0.0203125
0 0.7250000000000001 0.415625 0.034375 0.028125
0 0.7484375000000001 0.41796875 0.028125 0.0234375
0 0.89375 0.43593750000000003 0.037500000000000006 0.05625
0 0.9625 0.5320312500000001 0.021875000000000002 0.026562500000000003
0 0.96796875 0.5453125 0.026562500000000003 0.025
0 0.9789062500000001 0.55703125 0.0328125 0.026562500000000003
0 0.87421875 0.125 0.0234375 0.025
0 0.9164062500000001 0.14375000000000002 0.0328125 0.025
