0 0.203125 0.44843750000000004 0.03125 0.03125
0 0.2265625 0.4765625 0.03125 0.025
0 0.68359375 0.28046875 0.0234375 0.0234375
0 0.7671875 0.17890625000000002 0.021875000000000002 0.0203125
0 0.7140625 0.34218750000000003 0.028125 0.028125
0 0.73984375 0.34453125 0.029687500000000002 0.026562500000000003
0 0.8851562500000001 0.36171875000000003 0.035937500000000004 0.0546875
0 0.9515625000000001 0.4546875 0.018750000000000003 0.018750000000000003
0 0.96484375 0.4703125 0.0171875 0.021875000000000002
0 0.96796875 0.4859375 0.0234375 0.015625
