0 0.21250000000000002 0.5578125 0.03125 0.03125
0 0.234375 0.5875 0.03125 0.025
0 0.7351562500000001 0.46015625000000004 0.035937500000000004 0.029687500000000002
0 0.753125 0.46328125000000003 0.03125 0.026562500000000003
0 0.69453125 0.42031250000000003 0.026562500000000003 0.028125
0 0.7953125000000001 0.30390625000000004 0.021875000000000002 0.0171875
0 0.8734375000000001 0.18046875 0.028125 0.0234375
0 0.90390625 0.1859375 0.026562500000000003 0.025
0 0.9015625 0.48203125 0.040625 0.0578125
0 0.97421875 0.59921875 0.026562500000000003 0.035937500000000004
