0 0.209375 0.521875 0.03125 0.03125
0 0.23125 0.55 0.03125 0.025
0 0.6953125 0.37031250000000004 0.025 0.028125
0 0.7898437500000001 0.26015625000000003 0.0203125 0.0203125
0 0.7273437500000001 0.42578125 0.0328125 0.0328125
0 0.7515625 0.42734375 0.028125 0.026562500000000003
0 0.89609375 0.446875 0.0390625 0.05625
0 0.9640625 0.540625 0.021875000000000002 0.028125
0 0.9703125 0.5625 0.021875000000000002 0.028125
0 0.9906250000000001 0.5703125 0.018750000000000003 0.021875000000000002
0 0.8773437500000001 0.13593750000000002 0.0203125 0.021875000000000002
0 0.91328125 0.15234375 0.026562500000000003 0.026562500000000003
