0 0.20859375000000002 0.50390625 0.0328125 0.0328125
0 0.22968750000000002 0.53125 0.03125 0.025
0 0.69296875 0.34375 0.026562500000000003 0.028125
0 0.7828125 0.240625 0.018750000000000003 0.018750000000000003
0 0.72421875 0.40234375 0.0328125 0.026562500000000003
0 0.74609375 0.40703125 0.026562500000000003 0.0234375
0 0.8929687500000001 0.42734375 0.035937500000000004 0.0546875
0 0.9617187500000001 0.51953125 0.0234375 0.0203125
0 0.96640625 0.5359375000000001 0.026562500000000003 0.021875000000000002
0 0.9773437500000001 0.55078125 0.0328125 0.0171875
0 0.8718750000000001 0.115625 0.021875000000000002 0.025
0 0.921875 0.13359375 0.03125 0.0234375
