0 0.19453125000000002 0.3671875 0.029687500000000002 0.03125
0 0.2171875 0.39375000000000004 0.03125 0.025
0 0.6796875 0.20703125 0.025 0.0234375
0 0.7132812500000001 0.26796875000000003 0.0328125 0.0328125
0 0.7359375 0.2703125 0.025 0.028125
0 0.88203125 0.29296875 0.035937500000000004 0.051562500000000004
0 0.94921875 0.38906250000000003 0.0171875 0.021875000000000002
0 0.9554687500000001 0.40625 0.026562500000000003 0.025
0 0.76484375 0.10859375 0.0171875 0.0171875
0 0.96796875 0.41640625000000003 0.026562500000000003 0.0171875
