0 0.20468750000000002 0.4765625 0.03125 0.03125
0 0.22734375 0.5046875000000001 0.029687500000000002 0.025
0 0.68515625 0.309375 0.026562500000000003 0.025
0 0.7742187500000001 0.20625000000000002 0.0234375 0.018750000000000003
0 0.71484375 0.371875 0.026562500000000003 0.03125
0 0.73984375 0.37265625 0.029687500000000002 0.026562500000000003
0 0.8875000000000001 0.390625 0.037500000000000006 0.053125000000000006
0 0.953125 0.48281250000000003 0.018750000000000003 0.018750000000000003
0 0.9617187500000001 0.49765625 0.0203125 0.0171875
0 0.96875 0.51015625 0.025 0.0234375
