0 0.4921875 0.56015625 0.028125 0.026562500000000003
0 0.89765625 0.51875 0.0203125 0.034375
0 0.7921875 0.5140625 0.015625 0.021875000000000002
0 0.80234375 0.521875 0.0203125 0.021875000000000002
0 0.97421875 0.53046875 0.0203125 0.0203125
0 0.9789062500000001 0.54296875 0.0171875 0.0171875
0 0.7250000000000001 0.33125000000000004 0.021875000000000002 0.028125
0 0.6820312500000001 0.240625 0.0203125 0.018750000000000003
0 0.68359375 0.2546875 0.0171875 0.015625
0 0.66015625 0.16562500000000002 0.0234375 0.018750000000000003
0 0.6640625 0.184375 0.034375 0.018750000000000003
0 0.765625 0.16328125000000002 0.0125 0.0234375
0 0.51796875 0.24453125 0.029687500000000002 0.0234375
0 0.52734375 0.12578125 0.0234375 0.0171875
0 0.77109375 0.1328125 0.0171875 0.034375
