0 0.5085937500000001 0.7585937500000001 0.026562500000000003 0.0203125
0 0.49921875000000004 0.8765625 0.029687500000000002 0.025
0 0.6671875 0.87109375 0.028125 0.0171875
0 0.67109375 0.8851562500000001 0.0203125 0.0234375
0 0.64375 0.79609375 0.025 0.0203125
0 0.65 0.8140625 0.034375 0.025
0 0.7562500000000001 0.78515625 0.015625 0.0234375
0 0.6421875 0.7203125 0.028125 0.018750000000000003
0 0.6687500000000001 0.4890625 0.018750000000000003 0.021875000000000002
0 0.69140625 0.46640625 0.0203125 0.0234375
0 0.7000000000000001 0.44453125000000004 0.015625 0.0234375
0 0.77265625 0.14765625000000002 0.0171875 0.0171875
0 0.7585937500000001 0.75703125 0.0140625 0.029687500000000002
