0 0.48750000000000004 0.6328125 0.025 0.025
0 0.78828125 0.58828125 0.0171875 0.0234375
0 0.7984375 0.59375 0.018750000000000003 0.021875000000000002
0 0.89453125 0.59296875 0.0203125 0.0328125
0 0.9703125 0.6015625 0.021875000000000002 0.018750000000000003
0 0.9765625 0.61484375 0.021875000000000002 0.0234375
0 0.7210937500000001 0.40625 0.0203125 0.028125
0 0.6765625000000001 0.3125 0.021875000000000002 0.021875000000000002
0 0.6820312500000001 0.32656250000000003 0.0234375 0.021875000000000002
0 0.65546875 0.2390625 0.026562500000000003 0.018750000000000003
0 0.659375 0.25625000000000003 0.03125 0.018750000000000003
0 0.76328125 0.23203125000000002 0.0140625 0.026562500000000003
0 0.5242187500000001 0.19765625 0.0234375 0.0203125
0 0.51328125 0.31796875 0.026562500000000003 0.0203125
0 0.6531250000000001 0.16562500000000002 0.025 0.021875000000000002
0 0.7671875 0.20234375000000002 0.018750000000000003 0.0328125
