0 0.48750000000000004 0.8328125000000001 0.025 0.021875000000000002
0 0.7890625 0.7820312500000001 0.015625 0.0234375
0 0.8 0.7875000000000001 0.021875000000000002 0.025
0 0.89609375 0.78671875 0.0203125 0.0328125
0 0.971875 0.79296875 0.021875000000000002 0.0234375
0 0.98046875 0.80625 0.0203125 0.018750000000000003
0 0.71875 0.6000000000000001 0.021875000000000002 0.028125
0 0.66953125 0.50703125 0.0203125 0.0171875
0 0.67734375 0.521875 0.0203125 0.021875000000000002
0 0.6492187500000001 0.434375 0.0234375 0.018750000000000003
0 0.65546875 0.45078125 0.0328125 0.0203125
0 0.7578125 0.42734375 0.015625 0.0234375
0 0.6468750000000001 0.35781250000000003 0.025 0.021875000000000002
0 0.696875 0.11796875000000001 0.018750000000000003 0.0203125
0 0.5171875 0.3953125 0.025 0.021875000000000002
0 0.5085937500000001 0.51328125 0.029687500000000002 0.0234375
0 0.7625000000000001 0.39687500000000003 0.018750000000000003 0.037500000000000006
