0 0.49453125000000003 0.48750000000000004 0.026562500000000003 0.025
0 0.47734375 0.76953125 0.0140625 0.0203125
0 0.79453125 0.4390625 0.0140625 0.021875000000000002
0 0.8054687500000001 0.446875 0.0203125 0.021875000000000002
0 0.8968750000000001 0.446875 0.021875000000000002 0.028125
0 0.9773437500000001 0.453125 0.0203125 0.018750000000000003
0 0.98203125 0.46718750000000003 0.0171875 0.018750000000000003
0 0.51953125 0.17265625 0.029687500000000002 0.0203125
0 0.67890625 0.1640625 0.026562500000000003 0.021875000000000002
0 0.68671875 0.1796875 0.0234375 0.021875000000000002
0 0.721875 0.25625000000000003 0.025 0.028125
