0 0.515625 0.5398437500000001 0.025 0.0203125
0 0.50703125 0.6585937500000001 0.029687500000000002 0.0234375
0 0.72265625 0.74140625 0.0203125 0.029687500000000002
0 0.6726562500000001 0.65234375 0.0234375 0.0171875
0 0.6796875 0.665625 0.021875000000000002 0.018750000000000003
0 0.65 0.57734375 0.025 0.0234375
0 0.65546875 0.5945312500000001 0.029687500000000002 0.0203125
0 0.7601562500000001 0.56796875 0.0140625 0.0203125
0 0.6484375 0.5015625 0.028125 0.018750000000000003
0 0.6843750000000001 0.26796875000000003 0.021875000000000002 0.0203125
0 0.703125 0.23359375000000002 0.018750000000000003 0.0171875
0 0.7132812500000001 0.2421875 0.0171875 0.018750000000000003
0 0.76328125 0.5390625 0.0171875 0.034375
