0 0.503125 0.8046875 0.03125 0.025
0 0.6687500000000001 0.7937500000000001 0.025 0.018750000000000003
0 0.67734375 0.8093750000000001 0.0234375 0.021875000000000002
0 0.6468750000000001 0.7234375000000001 0.021875000000000002 0.021875000000000002
0 0.65390625 0.73984375 0.0328125 0.0203125
0 0.7585937500000001 0.7132812500000001 0.0140625 0.0203125
0 0.6429687500000001 0.6414062500000001 0.026562500000000003 0.0234375
0 0.675 0.41718750000000004 0.018750000000000003 0.018750000000000003
0 0.6984375 0.39296875000000003 0.018750000000000003 0.0203125
0 0.70078125 0.37343750000000003 0.0171875 0.021875000000000002
0 0.51015625 0.68515625 0.0234375 0.0203125
0 0.76171875 0.68515625 0.0171875 0.0328125
