0 0.640625 0.86875 0.018750000000000003 0.021875000000000002
0 0.6492187500000001 0.8859375 0.0328125 0.015625
0 0.5046875000000001 0.8289062500000001 0.025 0.0203125
0 0.6375000000000001 0.7914062500000001 0.025 0.0203125
0 0.7523437500000001 0.8578125000000001 0.0171875 0.028125
0 0.6640625 0.56640625 0.015625 0.0234375
0 0.6828125 0.5437500000000001 0.021875000000000002 0.021875000000000002
0 0.6984375 0.5171875 0.015625 0.021875000000000002
0 0.76953125 0.21796875000000002 0.0140625 0.0140625
0 0.75703125 0.82734375 0.0171875 0.029687500000000002
