0 0.790625 0.853125 0.018750000000000003 0.028125
0 0.80234375 0.85859375 0.0203125 0.029687500000000002
0 0.8992187500000001 0.8562500000000001 0.0234375 0.037500000000000006
0 0.97421875 0.8617187500000001 0.0203125 0.026562500000000003
0 0.98203125 0.87421875 0.0203125 0.0234375
0 0.71875 0.6687500000000001 0.021875000000000002 0.028125
0 0.6703125000000001 0.58125 0.021875000000000002 0.018750000000000003
0 0.6781250000000001 0.5953125 0.021875000000000002 0.018750000000000003
0 0.6484375 0.5078125 0.021875000000000002 0.021875000000000002
0 0.65625 0.525 0.034375 0.018750000000000003
0 0.759375 0.49843750000000003 0.0125 0.021875000000000002
0 0.64765625 0.43203125000000003 0.026562500000000003 0.0203125
0 0.69140625 0.19375 0.0171875 0.021875000000000002
0 0.70625 0.16328125000000002 0.015625 0.0203125
0 0.7210937500000001 0.16640625 0.0234375 0.0203125
0 0.515625 0.46875 0.025 0.018750000000000003
0 0.50625 0.5867187500000001 0.03125 0.0234375
0 0.76328125 0.46796875000000004 0.0171875 0.035937500000000004
