0 0.6804687500000001 0.3984375 0.0171875 0.021875000000000002
0 0.77109375 0.38671875 0.0234375 0.029687500000000002
0 0.7875000000000001 0.38984375000000004 0.025 0.0234375
0 0.8773437500000001 0.40156250000000004 0.0234375 0.028125
0 0.9046875000000001 0.4109375 0.03125 0.040625
0 0.95625 0.5 0.018750000000000003 0.025
0 0.9906250000000001 0.5875 0.018750000000000003 0.03125
0 0.9015625 0.11015625000000001 0.015625 0.0203125
0 0.90546875 0.13203125000000002 0.0171875 0.0171875
0 0.9125000000000001 0.16171875000000002 0.018750000000000003 0.0203125
