0 0.6828125 0.40625 0.018750000000000003 0.025
0 0.7703125000000001 0.39453125 0.021875000000000002 0.029687500000000002
0 0.7898437500000001 0.3984375 0.026562500000000003 0.021875000000000002
0 0.8796875000000001 0.4078125 0.021875000000000002 0.028125
0 0.9078125 0.41875 0.03125 0.037500000000000006
0 0.95859375 0.51015625 0.0203125 0.0203125
0 0.9906250000000001 0.59609375 0.018750000000000003 0.029687500000000002
0 0.9031250000000001 0.11796875000000001 0.021875000000000002 0.0234375
0 0.9109375000000001 0.1453125 0.025 0.025
0 0.915625 0.17265625 0.018750000000000003 0.0203125
