0 0.67890625 0.3875 0.0171875 0.021875000000000002
0 0.76875 0.375 0.021875000000000002 0.028125
0 0.7859375000000001 0.37734375000000003 0.025 0.0234375
0 0.875 0.38828125 0.021875000000000002 0.029687500000000002
0 0.9015625 0.3984375 0.03125 0.037500000000000006
0 0.9539062500000001 0.48515625 0.0203125 0.0234375
0 0.9890625000000001 0.57421875 0.021875000000000002 0.029687500000000002
0 0.99140625 0.5921875 0.0171875 0.018750000000000003
0 0.9046875000000001 0.11484375000000001 0.018750000000000003 0.0203125
0 0.90625 0.15156250000000002 0.018750000000000003 0.021875000000000002
