0 0.6828125 0.4109375 0.018750000000000003 0.025
0 0.77109375 0.3984375 0.0234375 0.03125
0 0.790625 0.40078125000000003 0.025 0.026562500000000003
0 0.8796875000000001 0.41250000000000003 0.025 0.028125
0 0.9070312500000001 0.421875 0.0328125 0.037500000000000006
0 0.96015625 0.51328125 0.0203125 0.0203125
0 0.99140625 0.59921875 0.0171875 0.029687500000000002
0 0.9031250000000001 0.1203125 0.025 0.021875000000000002
0 0.9070312500000001 0.14453125 0.0171875 0.0171875
0 0.9171875 0.17343750000000002 0.015625 0.021875000000000002
