0 0.6796875 0.39375000000000004 0.018750000000000003 0.021875000000000002
0 0.76875 0.38125000000000003 0.021875000000000002 0.028125
0 0.78671875 0.384375 0.026562500000000003 0.021875000000000002
0 0.8773437500000001 0.39609375 0.0234375 0.029687500000000002
0 0.90390625 0.40546875000000004 0.029687500000000002 0.035937500000000004
0 0.9546875 0.49296875 0.021875000000000002 0.0234375
0 0.98984375 0.5796875 0.0203125 0.03125
0 0.8968750000000001 0.10625000000000001 0.018750000000000003 0.0125
0 0.90625 0.125 0.018750000000000003 0.018750000000000003
0 0.9109375000000001 0.15390625000000002 0.015625 0.0234375
