0 0.6609375000000001 0.33359375 0.018750000000000003 0.0234375
0 0.67109375 0.32734375000000004 0.0203125 0.029687500000000002
0 0.7328125000000001 0.259375 0.034375 0.028125
0 0.67734375 0.23125 0.0203125 0.015625
0 0.74921875 0.24609375 0.026562500000000003 0.026562500000000003
0 0.85546875 0.18203125 0.0234375 0.0390625
0 0.940625 0.22265625 0.015625 0.0203125
0 0.9375 0.20859375000000002 0.018750000000000003 0.0234375
0 0.9515625000000001 0.21015625000000002 0.015625 0.026562500000000003
0 0.9609375 0.21875 0.018750000000000003 0.018750000000000003
