0 0.6570312500000001 0.33515625000000004 0.0203125 0.0234375
0 0.66796875 0.32734375000000004 0.0234375 0.026562500000000003
0 0.72578125 0.259375 0.026562500000000003 0.025
0 0.6648437500000001 0.25078125 0.0171875 0.0171875
0 0.7421875 0.25 0.025 0.028125
0 0.8484375000000001 0.1859375 0.025 0.037500000000000006
0 0.93359375 0.22578125000000002 0.0171875 0.0171875
0 0.93125 0.2109375 0.018750000000000003 0.021875000000000002
0 0.9453125 0.21171875 0.018750000000000003 0.0328125
0 0.9539062500000001 0.22187500000000002 0.0171875 0.018750000000000003
