0 0.66328125 0.32890625 0.0203125 0.029687500000000002
0 0.6734375 0.32734375000000004 0.018750000000000003 0.0234375
0 0.6796875 0.22968750000000002 0.018750000000000003 0.018750000000000003
0 0.73359375 0.25625000000000003 0.029687500000000002 0.028125
0 0.75 0.2484375 0.028125 0.028125
0 0.8617187500000001 0.18359375 0.026562500000000003 0.0390625
0 0.9476562500000001 0.225 0.0171875 0.015625
0 0.9437500000000001 0.20859375000000002 0.018750000000000003 0.0203125
0 0.9546875 0.21406250000000002 0.015625 0.021875000000000002
0 0.9640625 0.21796875000000002 0.015625 0.0203125
