0 0.6585937500000001 0.33359375 0.0203125 0.0234375
0 0.66796875 0.32656250000000003 0.0203125 0.028125
0 0.665625 0.2484375 0.018750000000000003 0.021875000000000002
0 0.7265625 0.259375 0.028125 0.025
0 0.7429687500000001 0.25 0.0234375 0.028125
0 0.85078125 0.1859375 0.026562500000000003 0.037500000000000006
0 0.9328125 0.2109375 0.018750000000000003 0.021875000000000002
0 0.9359375000000001 0.2265625 0.015625 0.018750000000000003
0 0.94453125 0.21328125 0.0171875 0.026562500000000003
0 0.9539062500000001 0.21953125 0.0171875 0.0171875
