0 0.55390625 0.578125 0.0171875 0.028125
0 0.56484375 0.58203125 0.0171875 0.029687500000000002
0 0.61875 0.5453125 0.015625 0.018750000000000003
0 0.6468750000000001 0.59609375 0.021875000000000002 0.0328125
0 0.6625000000000001 0.6023437500000001 0.025 0.0234375
0 0.76875 0.6648437500000001 0.034375 0.029687500000000002
0 0.77890625 0.7523437500000001 0.0140625 0.0171875
0 0.79296875 0.7390625000000001 0.0203125 0.028125
0 0.7937500000000001 0.75390625 0.018750000000000003 0.0140625
0 0.79453125 0.7664062500000001 0.0203125 0.0171875
0 0.80234375 0.8617187500000001 0.0390625 0.0328125
