0 0.65625 0.33437500000000003 0.021875000000000002 0.025
0 0.6664062500000001 0.32421875 0.0234375 0.026562500000000003
0 0.6671875 0.24453125 0.021875000000000002 0.0203125
0 0.7273437500000001 0.25625000000000003 0.029687500000000002 0.025
0 0.7421875 0.24765625000000002 0.025 0.026562500000000003
0 0.8515625 0.18281250000000002 0.025 0.037500000000000006
0 0.9375 0.22187500000000002 0.015625 0.018750000000000003
0 0.9343750000000001 0.20703125 0.018750000000000003 0.0203125
0 0.9476562500000001 0.21250000000000002 0.0171875 0.025
0 0.95703125 0.21796875000000002 0.0171875 0.0171875
