0 0.6531250000000001 0.33828125000000003 0.021875000000000002 0.0234375
0 0.665625 0.3296875 0.018750000000000003 0.028125
0 0.72265625 0.2609375 0.026562500000000003 0.025
0 0.6585937500000001 0.25703125 0.0234375 0.0171875
0 0.7367187500000001 0.25390625 0.026562500000000003 0.0328125
0 0.8445312500000001 0.18828125 0.026562500000000003 0.0390625
0 0.9281250000000001 0.2265625 0.0125 0.018750000000000003
0 0.9242187500000001 0.2109375 0.0203125 0.021875000000000002
0 0.9375 0.21484375 0.015625 0.029687500000000002
0 0.9476562500000001 0.22265625 0.0140625 0.0171875
