0 0.35625 0.5765625 0.03125 0.018750000000000003
0 0.3828125 0.5796875 0.018750000000000003 0.021875000000000002
0 0.40234375 0.6257812500000001 0.0171875 0.0140625
0 0.359375 0.665625 0.034375 0.021875000000000002
0 0.36250000000000004 0.6820312500000001 0.025 0.026562500000000003
0 0.3328125 0.8015625000000001 0.034375 0.03125
0 0.253125 0.8367187500000001 0.021875000000000002 0.0140625
0 0.26484375 0.84765625 0.0234375 0.0203125
0 0.2578125 0.853125 0.018750000000000003 0.021875000000000002
0 0.24375000000000002 0.8539062500000001 0.018750000000000003 0.0171875
0 0.15625 0.8773437500000001 0.021875000000000002 0.029687500000000002
