0 0.3828125 0.59296875 0.028125 0.0171875
0 0.40156250000000004 0.5890625 0.021875000000000002 0.018750000000000003
0 0.4375 0.6351562500000001 0.0125 0.0171875
0 0.40390625 0.6820312500000001 0.0328125 0.0234375
0 0.40859375000000003 0.6984375 0.0234375 0.025
0 0.40468750000000003 0.81953125 0.037500000000000006 0.0234375
0 0.32890625 0.87109375 0.0171875 0.0140625
0 0.34218750000000003 0.8796875000000001 0.018750000000000003 0.015625
0 0.33359375 0.8859375 0.0203125 0.015625
0 0.32343750000000004 0.8890625000000001 0.018750000000000003 0.015625
