0 0.34921875 0.62421875 0.029687500000000002 0.0203125
0 0.384375 0.6515625 0.0125 0.018750000000000003
0 0.39296875000000003 0.68359375 0.0140625 0.0171875
0 0.3453125 0.7125 0.03125 0.018750000000000003
0 0.34453125 0.73046875 0.0234375 0.026562500000000003
0 0.30078125 0.8460937500000001 0.0328125 0.0328125
0 0.25625000000000003 0.8929687500000001 0.015625 0.0140625
0 0.215625 0.8703125 0.015625 0.018750000000000003
0 0.22812500000000002 0.878125 0.021875000000000002 0.018750000000000003
0 0.20625000000000002 0.884375 0.018750000000000003 0.015625
