0 0.6585937500000001 0.2609375 0.0203125 0.025
0 0.65546875 0.34218750000000003 0.026562500000000003 0.025
0 0.6664062500000001 0.33515625000000004 0.0234375 0.026562500000000003
0 0.7234375000000001 0.26484375 0.028125 0.026562500000000003
0 0.73828125 0.25703125 0.0234375 0.026562500000000003
0 0.8453125 0.19453125000000002 0.025 0.035937500000000004
0 0.92890625 0.23359375000000002 0.0140625 0.0171875
0 0.92578125 0.21796875000000002 0.0171875 0.0203125
0 0.9375 0.22031250000000002 0.015625 0.025
0 0.9476562500000001 0.22890625 0.0171875 0.0171875
