0 0.3453125 0.57734375 0.028125 0.0203125
0 0.37812500000000004 0.6023437500000001 0.0125 0.0171875
0 0.384375 0.6351562500000001 0.015625 0.0140625
0 0.33906250000000004 0.6648437500000001 0.028125 0.0171875
0 0.33906250000000004 0.68359375 0.021875000000000002 0.026562500000000003
0 0.29531250000000003 0.8 0.03125 0.03125
0 0.2109375 0.8226562500000001 0.018750000000000003 0.0203125
0 0.22265625 0.83125 0.0203125 0.018750000000000003
0 0.23515625 0.85078125 0.0328125 0.0203125
0 0.2 0.8382812500000001 0.015625 0.0140625
0 0.11093750000000001 0.8515625 0.025 0.025
0 0.10312500000000001 0.87890625 0.021875000000000002 0.0171875
