0 0.67109375 0.33046875000000003 0.0234375 0.0234375
0 0.67578125 0.321875 0.0203125 0.028125
0 0.68125 0.2265625 0.021875000000000002 0.018750000000000003
0 0.7367187500000001 0.25234375000000003 0.029687500000000002 0.029687500000000002
0 0.7546875000000001 0.2421875 0.028125 0.03125
0 0.8671875 0.1765625 0.028125 0.040625
0 0.95078125 0.21953125 0.0234375 0.0140625
0 0.95078125 0.20234375000000002 0.0203125 0.0234375
0 0.9625 0.20546875 0.015625 0.026562500000000003
0 0.971875 0.2109375 0.015625 0.021875000000000002
