0 0.6703125000000001 0.328125 0.021875000000000002 0.028125
0 0.6796875 0.32265625000000003 0.021875000000000002 0.029687500000000002
0 0.68671875 0.22265625 0.0203125 0.0171875
0 0.7429687500000001 0.2484375 0.029687500000000002 0.028125
0 0.759375 0.240625 0.028125 0.03125
0 0.8757812500000001 0.17265625 0.029687500000000002 0.0421875
0 0.9609375 0.21640625000000002 0.018750000000000003 0.0171875
0 0.96015625 0.19921875 0.0203125 0.0234375
0 0.97265625 0.20468750000000002 0.0140625 0.021875000000000002
0 0.9828125000000001 0.209375 0.015625 0.018750000000000003
