0 0.6570312500000001 0.33671875 0.0203125 0.0234375
0 0.6664062500000001 0.3296875 0.0203125 0.028125
0 0.6648437500000001 0.2515625 0.0171875 0.018750000000000003
0 0.7265625 0.26171875 0.028125 0.0234375
0 0.7406250000000001 0.25390625 0.025 0.029687500000000002
0 0.84921875 0.18906250000000002 0.0234375 0.037500000000000006
0 0.9328125 0.22812500000000002 0.015625 0.018750000000000003
0 0.9304687500000001 0.21484375 0.0171875 0.0234375
0 0.9421875000000001 0.21640625000000002 0.018750000000000003 0.0234375
0 0.95078125 0.22421875000000002 0.0171875 0.0171875
