0 0.6531250000000001 0.33906250000000004 0.021875000000000002 0.025
0 0.66328125 0.33203125 0.0234375 0.026562500000000003
0 0.6585937500000001 0.25625000000000003 0.0234375 0.018750000000000003
0 0.72265625 0.26406250000000003 0.026562500000000003 0.025
0 0.7375 0.25625000000000003 0.025 0.028125
0 0.84375 0.19140625 0.025 0.0390625
0 0.92734375 0.23125 0.0140625 0.018750000000000003
0 0.925 0.215625 0.018750000000000003 0.021875000000000002
0 0.9359375000000001 0.22187500000000002 0.015625 0.021875000000000002
0 0.9460937500000001 0.225 0.0171875 0.015625
