0 0.6570312500000001 0.33125000000000004 0.0234375 0.025
0 0.6687500000000001 0.32421875 0.018750000000000003 0.026562500000000003
0 0.671875 0.23984375000000002 0.021875000000000002 0.0234375
0 0.7289062500000001 0.25546875 0.029687500000000002 0.026562500000000003
0 0.7445312500000001 0.246875 0.0234375 0.028125
0 0.853125 0.18203125 0.025 0.0390625
0 0.9375 0.22187500000000002 0.015625 0.018750000000000003
0 0.93515625 0.20703125 0.0203125 0.0234375
0 0.94921875 0.20859375000000002 0.0203125 0.026562500000000003
0 0.9554687500000001 0.21640625000000002 0.0171875 0.0171875
