0 0.65546875 0.33906250000000004 0.026562500000000003 0.025
0 0.665625 0.3328125 0.021875000000000002 0.028125
0 0.6609375000000001 0.25703125 0.021875000000000002 0.0203125
0 0.7234375000000001 0.26484375 0.028125 0.026562500000000003
0 0.73828125 0.25703125 0.0234375 0.029687500000000002
0 0.8445312500000001 0.19296875000000002 0.026562500000000003 0.0390625
0 0.92734375 0.23203125000000002 0.0140625 0.0171875
0 0.92578125 0.2171875 0.0171875 0.021875000000000002
0 0.9359375000000001 0.21953125 0.018750000000000003 0.026562500000000003
0 0.9460937500000001 0.225 0.0171875 0.015625
