0 0.6765625000000001 0.328125 0.021875000000000002 0.028125
0 0.6843750000000001 0.3203125 0.021875000000000002 0.03125
0 0.74921875 0.246875 0.0328125 0.028125
0 0.76484375 0.23750000000000002 0.029687500000000002 0.03125
0 0.690625 0.21875 0.021875000000000002 0.018750000000000003
0 0.884375 0.16875 0.028125 0.040625
0 0.9695312500000001 0.21328125 0.0171875 0.0171875
0 0.971875 0.19687500000000002 0.018750000000000003 0.025
0 0.9828125000000001 0.19921875 0.015625 0.026562500000000003
0 0.9929687500000001 0.20625000000000002 0.0140625 0.018750000000000003
