0 0.6414062500000001 0.30703125000000003 0.0234375 0.026562500000000003
0 0.6484375 0.2984375 0.021875000000000002 0.025
0 0.634375 0.2234375 0.021875000000000002 0.018750000000000003
0 0.696875 0.2234375 0.028125 0.025
0 0.7109375 0.21250000000000002 0.025 0.028125
0 0.8093750000000001 0.13359375 0.025 0.0390625
0 0.89609375 0.15859375 0.0140625 0.0171875
0 0.8914062500000001 0.14453125 0.0171875 0.0234375
0 0.9031250000000001 0.1484375 0.015625 0.021875000000000002
0 0.91328125 0.15000000000000002 0.0171875 0.018750000000000003
