0 0.6671875 0.32890625 0.021875000000000002 0.026562500000000003
0 0.6781250000000001 0.32265625000000003 0.021875000000000002 0.026562500000000003
0 0.6843750000000001 0.225 0.021875000000000002 0.018750000000000003
0 0.7406250000000001 0.25 0.028125 0.028125
0 0.7578125 0.2421875 0.028125 0.03125
0 0.8703125 0.17578125 0.03125 0.0421875
0 0.95625 0.21875 0.021875000000000002 0.015625
0 0.9554687500000001 0.2015625 0.0203125 0.025
0 0.96875 0.20468750000000002 0.025 0.03125
0 0.978125 0.21015625000000002 0.018750000000000003 0.0203125
