0 0.65625 0.33671875 0.021875000000000002 0.0234375
0 0.6640625 0.33046875000000003 0.021875000000000002 0.026562500000000003
0 0.659375 0.2578125 0.021875000000000002 0.021875000000000002
0 0.7234375000000001 0.26171875 0.028125 0.026562500000000003
0 0.73828125 0.253125 0.0234375 0.028125
0 0.8445312500000001 0.18828125 0.026562500000000003 0.035937500000000004
0 0.92890625 0.22734375 0.0140625 0.0171875
0 0.9265625000000001 0.21328125 0.018750000000000003 0.0234375
0 0.9375 0.21796875000000002 0.015625 0.0203125
0 0.9484375 0.22187500000000002 0.015625 0.018750000000000003
