0 0.6390625000000001 0.35000000000000003 0.021875000000000002 0.025
0 0.64765625 0.340625 0.0234375 0.025
0 0.6953125 0.26484375 0.028125 0.0234375
0 0.6328125 0.265625 0.025 0.018750000000000003
0 0.7078125000000001 0.253125 0.025 0.028125
0 0.80390625 0.17578125 0.026562500000000003 0.0390625
0 0.8914062500000001 0.19921875 0.0140625 0.0171875
0 0.8851562500000001 0.18281250000000002 0.0203125 0.028125
0 0.89765625 0.18828125 0.0140625 0.0234375
0 0.9085937500000001 0.19062500000000002 0.0171875 0.018750000000000003
