0 0.6429687500000001 0.30625 0.026562500000000003 0.025
0 0.65234375 0.29453125 0.0234375 0.026562500000000003
0 0.6359375 0.21875 0.021875000000000002 0.018750000000000003
0 0.6976562500000001 0.21953125 0.029687500000000002 0.026562500000000003
0 0.7117187500000001 0.20859375000000002 0.026562500000000003 0.029687500000000002
0 0.8093750000000001 0.13046875 0.025 0.0390625
0 0.89609375 0.15625 0.0140625 0.018750000000000003
0 0.88984375 0.140625 0.0171875 0.021875000000000002
0 0.9046875000000001 0.1421875 0.018750000000000003 0.025
0 0.9140625 0.1453125 0.018750000000000003 0.018750000000000003
