0 0.6421875 0.30625 0.028125 0.025
0 0.6515625 0.29921875000000003 0.025 0.026562500000000003
0 0.6359375 0.22031250000000002 0.021875000000000002 0.021875000000000002
0 0.6984375 0.22265625 0.028125 0.0234375
0 0.7109375 0.21171875 0.021875000000000002 0.029687500000000002
0 0.8078125 0.13359375 0.025 0.0390625
0 0.89609375 0.1609375 0.0140625 0.018750000000000003
0 0.890625 0.1453125 0.021875000000000002 0.021875000000000002
0 0.90390625 0.146875 0.0171875 0.028125
0 0.9140625 0.15078125 0.015625 0.0203125
