0 0.6414062500000001 0.309375 0.026562500000000003 0.021875000000000002
0 0.6492187500000001 0.3015625 0.0234375 0.025
0 0.6328125 0.2265625 0.021875000000000002 0.018750000000000003
0 0.69453125 0.22578125000000002 0.029687500000000002 0.0234375
0 0.7078125000000001 0.2171875 0.021875000000000002 0.03125
0 0.80390625 0.13515625 0.026562500000000003 0.0390625
0 0.8914062500000001 0.16015625 0.0140625 0.0171875
0 0.884375 0.14296875 0.018750000000000003 0.026562500000000003
0 0.89765625 0.1453125 0.0171875 0.028125
0 0.91015625 0.14921875 0.0140625 0.0203125
