0 0.6570312500000001 0.33046875000000003 0.0234375 0.026562500000000003
0 0.66953125 0.325 0.0203125 0.025
0 0.7312500000000001 0.25625000000000003 0.034375 0.028125
0 0.74375 0.24531250000000002 0.025 0.025
0 0.6726562500000001 0.23593750000000002 0.0203125 0.021875000000000002
0 0.853125 0.18046875 0.025 0.0390625
0 0.9382812500000001 0.22187500000000002 0.0171875 0.015625
0 0.93515625 0.20625000000000002 0.0203125 0.021875000000000002
0 0.946875 0.21015625000000002 0.018750000000000003 0.026562500000000003
0 0.9578125000000001 0.2171875 0.015625 0.015625
