0 0.6171875 0.503125 0.018750000000000003 0.021875000000000002
0 0.63046875 0.5007812500000001 0.0171875 0.026562500000000003
0 0.66171875 0.434375 0.0203125 0.018750000000000003
0 0.70859375 0.46484375 0.0234375 0.026562500000000003
0 0.72578125 0.46406250000000004 0.0234375 0.028125
0 0.846875 0.453125 0.025 0.037500000000000006
0 0.90625 0.52109375 0.015625 0.0171875
0 0.9109375000000001 0.5046875000000001 0.015625 0.03125
0 0.91953125 0.515625 0.0140625 0.015625
0 0.925 0.5265625 0.018750000000000003 0.018750000000000003
