0 0.65625 0.34140625 0.028125 0.026562500000000003
0 0.6664062500000001 0.33359375 0.0203125 0.026562500000000003
0 0.6609375000000001 0.259375 0.021875000000000002 0.021875000000000002
0 0.7234375000000001 0.26640625 0.028125 0.026562500000000003
0 0.73984375 0.25859375 0.0234375 0.029687500000000002
0 0.8453125 0.1953125 0.025 0.037500000000000006
0 0.92890625 0.23515625 0.0140625 0.0171875
0 0.92578125 0.21953125 0.0171875 0.0203125
0 0.9382812500000001 0.22109375 0.0171875 0.026562500000000003
0 0.9476562500000001 0.22968750000000002 0.0171875 0.018750000000000003
