0 0.6726562500000001 0.328125 0.0203125 0.028125
0 0.68359375 0.32109375 0.0203125 0.026562500000000003
0 0.6890625 0.22031250000000002 0.021875000000000002 0.018750000000000003
0 0.74609375 0.246875 0.029687500000000002 0.028125
0 0.76171875 0.2390625 0.026562500000000003 0.03125
0 0.88046875 0.16953125000000002 0.029687500000000002 0.0421875
0 0.9656250000000001 0.21406250000000002 0.018750000000000003 0.021875000000000002
0 0.9671875000000001 0.19765625 0.018750000000000003 0.026562500000000003
0 0.9796875 0.2 0.015625 0.028125
0 0.9890625000000001 0.20703125 0.015625 0.0203125
