0 0.6429687500000001 0.31640625 0.026562500000000003 0.026562500000000003
0 0.65 0.30546875 0.025 0.026562500000000003
0 0.6335937500000001 0.22890625 0.0234375 0.0234375
0 0.6960937500000001 0.22890625 0.029687500000000002 0.0234375
0 0.7093750000000001 0.21953125 0.025 0.029687500000000002
0 0.8070312500000001 0.140625 0.026562500000000003 0.037500000000000006
0 0.89375 0.16562500000000002 0.0125 0.018750000000000003
0 0.88828125 0.15000000000000002 0.0171875 0.021875000000000002
0 0.9007812500000001 0.15078125 0.0140625 0.026562500000000003
0 0.9109375000000001 0.1546875 0.015625 0.018750000000000003
