0 0.63984375 0.3296875 0.0234375 0.025
0 0.6492187500000001 0.321875 0.0203125 0.025
0 0.6937500000000001 0.24375000000000002 0.028125 0.025
0 0.6328125 0.24531250000000002 0.025 0.018750000000000003
0 0.70703125 0.23359375000000002 0.0234375 0.029687500000000002
0 0.80390625 0.15234375 0.0234375 0.0390625
0 0.890625 0.17734375000000002 0.0125 0.0171875
0 0.884375 0.16015625 0.018750000000000003 0.026562500000000003
0 0.8968750000000001 0.16796875 0.015625 0.0234375
0 0.9085937500000001 0.16953125000000002 0.0171875 0.0203125
