0 0.6000000000000001 0.5328125 0.015625 0.021875000000000002
0 0.6117187500000001 0.5328125 0.0140625 0.025
0 0.6468750000000001 0.47578125000000004 0.028125 0.0171875
0 0.6953125 0.51484375 0.021875000000000002 0.026562500000000003
0 0.7117187500000001 0.51484375 0.0234375 0.026562500000000003
0 0.83203125 0.5296875 0.029687500000000002 0.034375
0 0.878125 0.609375 0.0125 0.015625
0 0.8835937500000001 0.5906250000000001 0.0203125 0.03125
0 0.890625 0.6039062500000001 0.015625 0.0171875
0 0.89609375 0.6179687500000001 0.0171875 0.0203125
0 0.94453125 0.703125 0.0328125 0.021875000000000002
