0 0.66015625 0.3296875 0.0203125 0.025
0 0.6703125000000001 0.32421875 0.018750000000000003 0.0234375
0 0.6765625000000001 0.23046875 0.021875000000000002 0.0171875
0 0.7328125000000001 0.25546875 0.034375 0.026562500000000003
0 0.7484375000000001 0.24531250000000002 0.028125 0.025
0 0.8546875 0.18203125 0.025 0.035937500000000004
0 0.9398437500000001 0.22187500000000002 0.0171875 0.018750000000000003
0 0.9382812500000001 0.2078125 0.0203125 0.025
0 0.9515625000000001 0.209375 0.015625 0.03125
0 0.96015625 0.215625 0.0171875 0.018750000000000003
