0 0.6570312500000001 0.33828125000000003 0.026562500000000003 0.026562500000000003
0 0.6671875 0.33046875000000003 0.021875000000000002 0.029687500000000002
0 0.66015625 0.25703125 0.0234375 0.0203125
0 0.72421875 0.2625 0.026562500000000003 0.025
0 0.73984375 0.2546875 0.0234375 0.03125
0 0.846875 0.18906250000000002 0.025 0.037500000000000006
0 0.9296875 0.22734375 0.015625 0.0203125
0 0.9281250000000001 0.21171875 0.018750000000000003 0.0234375
0 0.9382812500000001 0.2171875 0.0171875 0.025
0 0.9484375 0.2234375 0.015625 0.015625
