0 0.34140625 0.54296875 0.026562500000000003 0.0203125
0 0.37734375000000003 0.56796875 0.0140625 0.0203125
0 0.38203125000000004 0.6015625 0.0171875 0.015625
0 0.3359375 0.63203125 0.03125 0.0203125
0 0.33671875 0.6492187500000001 0.0234375 0.026562500000000003
0 0.2921875 0.7640625000000001 0.03125 0.034375
0 0.2078125 0.790625 0.015625 0.018750000000000003
0 0.22109375 0.7992187500000001 0.0234375 0.0171875
0 0.2265625 0.8171875000000001 0.018750000000000003 0.018750000000000003
0 0.19843750000000002 0.80625 0.018750000000000003 0.015625
0 0.109375 0.81796875 0.025 0.026562500000000003
0 0.10078125 0.8460937500000001 0.0234375 0.0171875
