0 0.66328125 0.33203125 0.0203125 0.0234375
0 0.6734375 0.32343750000000004 0.018750000000000003 0.028125
0 0.6796875 0.22734375 0.021875000000000002 0.0203125
0 0.7351562500000001 0.2546875 0.026562500000000003 0.025
0 0.75 0.24531250000000002 0.028125 0.028125
0 0.86328125 0.18125000000000002 0.026562500000000003 0.040625
0 0.9500000000000001 0.22265625 0.021875000000000002 0.0171875
0 0.9453125 0.20546875 0.018750000000000003 0.0203125
0 0.95625 0.20859375000000002 0.015625 0.026562500000000003
0 0.96640625 0.215625 0.0171875 0.018750000000000003
