0 0.6375000000000001 0.36015625 0.021875000000000002 0.029687500000000002
0 0.64765625 0.35234375 0.0234375 0.029687500000000002
0 0.63828125 0.278125 0.0171875 0.018750000000000003
0 0.69453125 0.27968750000000003 0.029687500000000002 0.025
0 0.7093750000000001 0.26640625 0.025 0.029687500000000002
0 0.8070312500000001 0.19062500000000002 0.026562500000000003 0.037500000000000006
0 0.890625 0.215625 0.015625 0.018750000000000003
0 0.88671875 0.2015625 0.0203125 0.025
0 0.8984375 0.203125 0.015625 0.028125
0 0.909375 0.2078125 0.015625 0.018750000000000003
