0 0.63671875 0.275 0.0171875 0.018750000000000003
0 0.6390625000000001 0.36015625 0.025 0.026562500000000003
0 0.6468750000000001 0.35234375 0.021875000000000002 0.026562500000000003
0 0.69453125 0.27734375 0.0328125 0.0234375
0 0.7078125000000001 0.2671875 0.025 0.028125
0 0.80859375 0.1921875 0.026562500000000003 0.037500000000000006
0 0.8929687500000001 0.21796875000000002 0.0140625 0.0171875
0 0.88671875 0.2 0.0203125 0.025
0 0.9 0.20468750000000002 0.015625 0.025
0 0.9109375000000001 0.2078125 0.015625 0.018750000000000003
