0 0.6546875000000001 0.33671875 0.025 0.026562500000000003
0 0.6648437500000001 0.33125000000000004 0.0203125 0.025
0 0.6578125 0.25859375 0.025 0.0234375
0 0.72265625 0.2625 0.026562500000000003 0.025
0 0.7390625000000001 0.25546875 0.025 0.029687500000000002
0 0.84375 0.19062500000000002 0.025 0.037500000000000006
0 0.92734375 0.22968750000000002 0.0171875 0.018750000000000003
0 0.92578125 0.21328125 0.0203125 0.0234375
0 0.9375 0.21640625000000002 0.021875000000000002 0.026562500000000003
0 0.9453125 0.22421875000000002 0.015625 0.0171875
