0 0.6664062500000001 0.33203125 0.0203125 0.0234375
0 0.6742187500000001 0.32343750000000004 0.0203125 0.028125
0 0.67890625 0.22812500000000002 0.0234375 0.018750000000000003
0 0.7351562500000001 0.253125 0.029687500000000002 0.028125
0 0.7515625 0.24453125 0.025 0.029687500000000002
0 0.86328125 0.1796875 0.029687500000000002 0.040625
0 0.94921875 0.22265625 0.0234375 0.0140625
0 0.9460937500000001 0.20546875 0.0203125 0.0234375
0 0.9578125000000001 0.20703125 0.015625 0.026562500000000003
0 0.9671875000000001 0.21406250000000002 0.015625 0.018750000000000003
