0 0.6609375000000001 0.32890625 0.018750000000000003 0.026562500000000003
0 0.6726562500000001 0.32656250000000003 0.0171875 0.025
0 0.67734375 0.23203125000000002 0.0203125 0.0171875
0 0.734375 0.2578125 0.03125 0.028125
0 0.74921875 0.246875 0.026562500000000003 0.025
0 0.85859375 0.18359375 0.026562500000000003 0.0390625
0 0.94296875 0.225 0.0171875 0.018750000000000003
0 0.9421875000000001 0.21015625000000002 0.018750000000000003 0.0234375
0 0.95234375 0.215625 0.0140625 0.021875000000000002
0 0.9625 0.21875 0.015625 0.018750000000000003
