0 0.65625 0.33125000000000004 0.021875000000000002 0.025
0 0.6687500000000001 0.32656250000000003 0.021875000000000002 0.028125
0 0.6664062500000001 0.2484375 0.0203125 0.021875000000000002
0 0.7273437500000001 0.25703125 0.029687500000000002 0.026562500000000003
0 0.7429687500000001 0.24921875000000002 0.0234375 0.029687500000000002
0 0.8523437500000001 0.184375 0.026562500000000003 0.037500000000000006
0 0.9359375000000001 0.2234375 0.015625 0.018750000000000003
0 0.93359375 0.20859375000000002 0.0171875 0.0234375
0 0.9453125 0.21406250000000002 0.018750000000000003 0.021875000000000002
0 0.9578125000000001 0.21953125 0.015625 0.0203125
