0 0.6578125 0.3296875 0.021875000000000002 0.021875000000000002
0 0.66953125 0.321875 0.0203125 0.028125
0 0.67578125 0.2328125 0.0203125 0.018750000000000003
0 0.73203125 0.25390625 0.0328125 0.029687500000000002
0 0.7445312500000001 0.24296875 0.026562500000000003 0.026562500000000003
0 0.8523437500000001 0.178125 0.026562500000000003 0.040625
0 0.93671875 0.21875 0.0171875 0.018750000000000003
0 0.93515625 0.203125 0.0171875 0.021875000000000002
0 0.9460937500000001 0.20859375000000002 0.0140625 0.0203125
0 0.95625 0.21328125 0.015625 0.0171875
