0 0.65390625 0.32890625 0.0328125 0.0234375
0 0.6609375000000001 0.32343750000000004 0.021875000000000002 0.028125
0 0.71640625 0.25234375000000003 0.026562500000000003 0.0234375
0 0.7296875 0.24375000000000002 0.021875000000000002 0.028125
0 0.6507812500000001 0.2484375 0.0203125 0.021875000000000002
0 0.83359375 0.17421875 0.0234375 0.0390625
0 0.91796875 0.20859375000000002 0.0140625 0.0171875
0 0.9140625 0.1921875 0.015625 0.021875000000000002
0 0.92578125 0.19765625 0.0140625 0.0203125
0 0.9375 0.2015625 0.0125 0.018750000000000003
