0 0.65625 0.33671875 0.021875000000000002 0.0234375
0 0.6671875 0.3296875 0.021875000000000002 0.028125
0 0.72578125 0.2625 0.026562500000000003 0.025
0 0.7406250000000001 0.25390625 0.021875000000000002 0.026562500000000003
0 0.66328125 0.25703125 0.0203125 0.0234375
0 0.8484375000000001 0.18984375 0.025 0.035937500000000004
0 0.93125 0.22890625 0.015625 0.0171875
0 0.9296875 0.21484375 0.018750000000000003 0.0203125
0 0.94140625 0.21875 0.0171875 0.021875000000000002
0 0.95078125 0.22421875000000002 0.0171875 0.0171875
