0 0.33984375 0.55234375 0.026562500000000003 0.0203125
0 0.37421875000000004 0.56875 0.0171875 0.015625
0 0.38203125000000004 0.6062500000000001 0.0171875 0.015625
0 0.33671875 0.640625 0.0390625 0.018750000000000003
0 0.33515625000000004 0.6578125 0.026562500000000003 0.025
0 0.29140625000000003 0.77265625 0.0328125 0.0328125
0 0.20625000000000002 0.7992187500000001 0.015625 0.0171875
0 0.21953125 0.8070312500000001 0.0203125 0.0171875
0 0.22265625 0.8234375 0.0203125 0.018750000000000003
0 0.19765625 0.8125 0.0203125 0.015625
0 0.1078125 0.8265625000000001 0.025 0.025
0 0.09921875000000001 0.8539062500000001 0.026562500000000003 0.0203125
