0 0.5265625 0.5890625 0.025 0.018750000000000003
0 0.5359375000000001 0.59609375 0.028125 0.026562500000000003
0 0.6156250000000001 0.6296875000000001 0.021875000000000002 0.03125
0 0.62890625 0.6375000000000001 0.026562500000000003 0.021875000000000002
0 0.59609375 0.5734375 0.0203125 0.018750000000000003
0 0.7234375000000001 0.7156250000000001 0.034375 0.028125
0 0.71640625 0.8070312500000001 0.0140625 0.0140625
0 0.73046875 0.7953125000000001 0.0234375 0.025
0 0.7296875 0.8109375000000001 0.018750000000000003 0.015625
0 0.73203125 0.821875 0.0203125 0.015625
