0 0.66171875 0.32734375000000004 0.0234375 0.026562500000000003
0 0.66953125 0.32109375 0.0234375 0.026562500000000003
0 0.6765625000000001 0.22890625 0.021875000000000002 0.0171875
0 0.73359375 0.253125 0.035937500000000004 0.028125
0 0.74609375 0.24296875 0.026562500000000003 0.026562500000000003
0 0.8539062500000001 0.178125 0.026562500000000003 0.037500000000000006
0 0.9390625 0.21796875000000002 0.015625 0.0171875
0 0.9359375000000001 0.203125 0.018750000000000003 0.021875000000000002
0 0.9484375 0.2078125 0.015625 0.021875000000000002
0 0.95859375 0.21250000000000002 0.0171875 0.018750000000000003
