0 0.52109375 0.8828125 0.0140625 0.018750000000000003
0 0.43203125000000003 0.40390625 0.0140625 0.0140625
0 0.60703125 0.5164062500000001 0.0171875 0.0203125
0 0.5265625 0.46640625 0.018750000000000003 0.0203125
0 0.44375000000000003 0.42265625 0.021875000000000002 0.0203125
0 0.45390625 0.40468750000000003 0.0234375 0.018750000000000003
0 0.5281250000000001 0.43593750000000003 0.018750000000000003 0.021875000000000002
0 0.53515625 0.45078125 0.0140625 0.026562500000000003
0 0.35078125000000004 0.23125 0.0203125 0.028125
0 0.63671875 0.5078125 0.010937500000000001 0.0125
