0 0.49609375 0.56875 0.026562500000000003 0.025
0 0.5164062500000001 0.50703125 0.0234375 0.0203125
0 0.525 0.521875 0.021875000000000002 0.018750000000000003
0 0.525 0.7289062500000001 0.03125 0.0234375
0 0.6179687500000001 0.5320312500000001 0.0203125 0.0390625
0 0.7312500000000001 0.53046875 0.028125 0.029687500000000002
0 0.8289062500000001 0.7390625000000001 0.029687500000000002 0.03125
0 0.796875 0.7898437500000001 0.021875000000000002 0.0328125
0 0.8765625 0.8289062500000001 0.025 0.026562500000000003
0 0.8835937500000001 0.8406250000000001 0.026562500000000003 0.021875000000000002
0 0.41250000000000003 0.7296875 0.021875000000000002 0.021875000000000002
