0 0.03359375 0.88671875 0.0234375 0.026562500000000003
0 0.017968750000000002 0.8382812500000001 0.0234375 0.0234375
0 0.046875 0.8328125000000001 0.018750000000000003 0.021875000000000002
0 0.1421875 0.846875 0.018750000000000003 0.034375
0 0.21640625000000002 0.8835937500000001 0.0203125 0.0328125
0 0.19140625 0.87890625 0.0203125 0.029687500000000002
0 0.15156250000000002 0.796875 0.015625 0.021875000000000002
0 0.19687500000000002 0.80390625 0.043750000000000004 0.0203125
0 0.26406250000000003 0.79296875 0.043750000000000004 0.035937500000000004
0 0.27734375 0.7679687500000001 0.0234375 0.0234375
0 0.34687500000000004 0.8234375 0.021875000000000002 0.025
0 0.3640625 0.80078125 0.021875000000000002 0.0234375
0 0.45234375000000004 0.8054687500000001 0.029687500000000002 0.0203125
0 0.4609375 0.7898437500000001 0.021875000000000002 0.0234375
0 0.5140625 0.79609375 0.018750000000000003 0.029687500000000002
0 0.049218750000000006 0.22109375 0.026562500000000003 0.035937500000000004
0 0.9242187500000001 0.3046875 0.035937500000000004 0.03125
0 0.7125 0.515625 0.018750000000000003 0.028125
