0 0.51484375 0.5671875000000001 0.0203125 0.025
0 0.5007812500000001 0.40937500000000004 0.029687500000000002 0.025
0 0.5203125000000001 0.3453125 0.025 0.021875000000000002
0 0.5296875 0.359375 0.025 0.021875000000000002
0 0.62265625 0.37031250000000004 0.0203125 0.040625
0 0.7359375 0.37031250000000004 0.03125 0.03125
0 0.79453125 0.6273437500000001 0.0171875 0.0234375
0 0.8359375 0.58046875 0.028125 0.0328125
0 0.8835937500000001 0.675 0.035937500000000004 0.03125
0 0.921875 0.86640625 0.03125 0.0234375
0 0.921875 0.8523437500000001 0.03125 0.0171875
0 0.40078125000000003 0.57265625 0.0234375 0.0203125
