0 0.43125 0.3671875 0.018750000000000003 0.034375
0 0.446875 0.36796875 0.015625 0.0328125
0 0.62421875 0.40078125000000003 0.0171875 0.0171875
0 0.009375000000000001 0.2921875 0.015625 0.018750000000000003
0 0.0234375 0.3453125 0.025 0.028125
0 0.13593750000000002 0.30000000000000004 0.025 0.03125
0 0.15390625000000002 0.22031250000000002 0.0203125 0.021875000000000002
0 0.1875 0.25859375 0.037500000000000006 0.0203125
0 0.20625000000000002 0.33359375 0.021875000000000002 0.0328125
0 0.2546875 0.24375000000000002 0.043750000000000004 0.028125
0 0.18203125 0.33046875000000003 0.0171875 0.0234375
0 0.27265625 0.2703125 0.0203125 0.021875000000000002
0 0.13984375000000002 0.253125 0.0140625 0.021875000000000002
0 0.3484375 0.25703125 0.018750000000000003 0.0234375
0 0.4390625 0.25625000000000003 0.028125 0.018750000000000003
0 0.44609375 0.2421875 0.0234375 0.025
0 0.49765625 0.24375000000000002 0.0203125 0.025
