0 0.0171875 0.5906250000000001 0.021875000000000002 0.018750000000000003
0 0.030468750000000003 0.6429687500000001 0.0234375 0.029687500000000002
0 0.043750000000000004 0.58359375 0.015625 0.0234375
0 0.02109375 0.6820312500000001 0.029687500000000002 0.0234375
0 0.140625 0.59921875 0.018750000000000003 0.035937500000000004
0 0.18984375 0.63203125 0.0203125 0.026562500000000003
0 0.21406250000000002 0.6351562500000001 0.018750000000000003 0.0328125
0 0.1484375 0.55234375 0.015625 0.0234375
0 0.19609375 0.5554687500000001 0.0390625 0.0234375
0 0.22968750000000002 0.521875 0.025 0.025
0 0.2609375 0.54609375 0.043750000000000004 0.0328125
0 0.31875000000000003 0.5734375 0.025 0.021875000000000002
0 0.35625 0.5578125 0.021875000000000002 0.021875000000000002
0 0.44609375 0.5578125 0.029687500000000002 0.021875000000000002
0 0.4546875 0.5453125 0.025 0.025
0 0.43828125 0.6726562500000001 0.0203125 0.0390625
0 0.45390625 0.671875 0.0203125 0.034375
0 0.50703125 0.5437500000000001 0.0171875 0.025
0 0.74609375 0.26875 0.0328125 0.025
0 0.6375000000000001 0.6843750000000001 0.015625 0.025
