0 0.01640625 0.5390625 0.0234375 0.021875000000000002
0 0.030468750000000003 0.59296875 0.0234375 0.029687500000000002
0 0.043750000000000004 0.53515625 0.015625 0.0234375
0 0.13984375000000002 0.5484375 0.0203125 0.034375
0 0.18828125 0.5789062500000001 0.0171875 0.026562500000000003
0 0.21406250000000002 0.58359375 0.021875000000000002 0.035937500000000004
0 0.14921875 0.5007812500000001 0.0140625 0.0234375
0 0.19453125000000002 0.50546875 0.0421875 0.0234375
0 0.21796875000000002 0.46953125 0.0234375 0.026562500000000003
0 0.26406250000000003 0.49453125000000003 0.043750000000000004 0.0328125
0 0.3140625 0.5234375 0.018750000000000003 0.021875000000000002
0 0.35625 0.51171875 0.018750000000000003 0.0234375
0 0.44609375 0.50703125 0.029687500000000002 0.029687500000000002
0 0.45703125 0.49375 0.0234375 0.025
0 0.50703125 0.49375 0.0203125 0.025
0 0.43828125 0.6218750000000001 0.0203125 0.037500000000000006
0 0.45234375000000004 0.62109375 0.0203125 0.035937500000000004
0 0.75 0.21875 0.021875000000000002 0.025
0 0.02109375 0.6312500000000001 0.029687500000000002 0.025
0 0.634375 0.6375000000000001 0.015625 0.025
