0 0.01640625 0.61484375 0.0203125 0.0234375
0 0.04453125 0.6101562500000001 0.0171875 0.0234375
0 0.03125 0.66796875 0.021875000000000002 0.029687500000000002
0 0.022656250000000003 0.7054687500000001 0.029687500000000002 0.026562500000000003
0 0.140625 0.62421875 0.018750000000000003 0.0328125
0 0.19062500000000002 0.65625 0.018750000000000003 0.03125
0 0.215625 0.659375 0.018750000000000003 0.034375
0 0.14921875 0.5765625 0.0171875 0.021875000000000002
0 0.19609375 0.58203125 0.0390625 0.0234375
0 0.234375 0.54609375 0.025 0.0234375
0 0.26171875 0.56953125 0.0421875 0.0328125
0 0.31953125000000004 0.59765625 0.0234375 0.0234375
0 0.35781250000000003 0.58515625 0.018750000000000003 0.0203125
0 0.4390625 0.696875 0.018750000000000003 0.037500000000000006
0 0.4546875 0.696875 0.018750000000000003 0.034375
0 0.44843750000000004 0.58359375 0.03125 0.0234375
0 0.45546875000000003 0.5703125 0.0234375 0.021875000000000002
0 0.5078125 0.56875 0.018750000000000003 0.025
0 0.6375000000000001 0.7078125000000001 0.018750000000000003 0.025
0 0.74375 0.29375 0.028125 0.018750000000000003
