0 0.56171875 0.7351562500000001 0.0171875 0.029687500000000002
0 0.6234375000000001 0.6859375000000001 0.021875000000000002 0.025
0 0.6390625000000001 0.6781250000000001 0.021875000000000002 0.028125
0 0.7351562500000001 0.6375000000000001 0.035937500000000004 0.037500000000000006
0 0.81796875 0.6734375 0.0171875 0.028125
0 0.8968750000000001 0.728125 0.015625 0.021875000000000002
0 0.90234375 0.74140625 0.0171875 0.0171875
0 0.55 0.23593750000000002 0.040625 0.065625
0 0.5789062500000001 0.26015625000000003 0.035937500000000004 0.0484375
0 0.8132812500000001 0.15546875000000002 0.0234375 0.0234375
0 0.8421875000000001 0.14453125 0.018750000000000003 0.026562500000000003
