0 0.15390625000000002 0.87109375 0.0171875 0.0234375
0 0.203125 0.8773437500000001 0.043750000000000004 0.0234375
0 0.26796875000000003 0.8671875 0.045312500000000006 0.034375
0 0.290625 0.84375 0.021875000000000002 0.025
0 0.35859375000000004 0.890625 0.0234375 0.015625
0 0.36796875 0.87265625 0.0234375 0.0234375
0 0.45156250000000003 0.87890625 0.025 0.0203125
0 0.4625 0.86328125 0.021875000000000002 0.0203125
0 0.515625 0.8679687500000001 0.018750000000000003 0.029687500000000002
0 0.91953125 0.37343750000000003 0.029687500000000002 0.034375
0 0.7054687500000001 0.5859375 0.0328125 0.025
0 0.047656250000000004 0.29296875 0.035937500000000004 0.0234375
