0 0.0171875 0.76484375 0.021875000000000002 0.0234375
0 0.032031250000000004 0.815625 0.0234375 0.03125
0 0.02421875 0.8539062500000001 0.029687500000000002 0.0234375
0 0.04453125 0.759375 0.0171875 0.021875000000000002
0 0.1421875 0.7742187500000001 0.018750000000000003 0.035937500000000004
0 0.15078125 0.7250000000000001 0.0140625 0.025
0 0.19140625 0.80625 0.0203125 0.03125
0 0.21796875000000002 0.8109375000000001 0.0203125 0.034375
0 0.19843750000000002 0.7312500000000001 0.040625 0.021875000000000002
0 0.265625 0.71875 0.043750000000000004 0.03125
0 0.26484375 0.69453125 0.0171875 0.0234375
0 0.33515625000000004 0.7507812500000001 0.026562500000000003 0.0203125
0 0.36171875000000003 0.728125 0.0203125 0.028125
0 0.44140625 0.8484375000000001 0.0203125 0.037500000000000006
0 0.45703125 0.84765625 0.0203125 0.035937500000000004
0 0.44609375 0.73359375 0.026562500000000003 0.026562500000000003
0 0.4578125 0.71875 0.021875000000000002 0.025
0 0.5125000000000001 0.72265625 0.018750000000000003 0.0328125
0 0.6414062500000001 0.85859375 0.026562500000000003 0.035937500000000004
0 0.72265625 0.44140625 0.0328125 0.0234375
0 0.921875 0.23671875 0.03125 0.0234375
0 0.0484375 0.140625 0.025 0.025
