0 0.49921875000000004 0.49140625000000004 0.026562500000000003 0.0234375
0 0.51953125 0.4296875 0.0234375 0.018750000000000003
0 0.5281250000000001 0.44296875 0.025 0.0203125
0 0.6203125 0.45390625 0.018750000000000003 0.0390625
0 0.7351562500000001 0.45546875000000003 0.029687500000000002 0.0390625
0 0.5242187500000001 0.65234375 0.0234375 0.0234375
0 0.40546875000000004 0.65390625 0.0234375 0.0203125
0 0.83203125 0.6625000000000001 0.029687500000000002 0.03125
0 0.79453125 0.70703125 0.0203125 0.026562500000000003
0 0.88203125 0.7507812500000001 0.026562500000000003 0.0203125
0 0.8875000000000001 0.76328125 0.028125 0.0203125
