0 0.02890625 0.49531250000000004 0.0234375 0.025
0 0.0140625 0.44296875 0.021875000000000002 0.0203125
0 0.0421875 0.4375 0.015625 0.021875000000000002
0 0.13671875 0.45234375000000004 0.0203125 0.0328125
0 0.21250000000000002 0.4859375 0.021875000000000002 0.03125
0 0.1875 0.48203125 0.018750000000000003 0.026562500000000003
0 0.19062500000000002 0.37343750000000003 0.021875000000000002 0.025
0 0.19375 0.40859375000000003 0.040625 0.0203125
0 0.25859375 0.3984375 0.0421875 0.028125
0 0.2984375 0.42500000000000004 0.025 0.018750000000000003
0 0.35546875 0.4140625 0.0234375 0.025
0 0.44453125000000004 0.40937500000000004 0.029687500000000002 0.018750000000000003
0 0.45156250000000003 0.39609375 0.025 0.0203125
0 0.50390625 0.3953125 0.0203125 0.021875000000000002
0 0.43593750000000003 0.521875 0.018750000000000003 0.034375
0 0.453125 0.521875 0.018750000000000003 0.034375
0 0.6328125 0.5437500000000001 0.018750000000000003 0.025
0 0.1453125 0.40468750000000003 0.015625 0.021875000000000002
0 0.76171875 0.11640625 0.029687500000000002 0.0234375
