0 0.5453125 0.309375 0.034375 0.059375000000000004
0 0.5765625 0.33125000000000004 0.037500000000000006 0.040625
0 0.5593750000000001 0.8078125 0.018750000000000003 0.03125
0 0.6218750000000001 0.75703125 0.021875000000000002 0.026562500000000003
0 0.6375000000000001 0.74921875 0.021875000000000002 0.026562500000000003
0 0.7312500000000001 0.7109375 0.037500000000000006 0.037500000000000006
0 0.815625 0.74375 0.015625 0.028125
0 0.89609375 0.80078125 0.0140625 0.0171875
0 0.9007812500000001 0.8140625 0.0171875 0.018750000000000003
0 0.8140625 0.22734375 0.025 0.0234375
0 0.8421875000000001 0.21250000000000002 0.021875000000000002 0.028125
