0 0.5453125 0.3796875 0.034375 0.059375000000000004
0 0.5765625 0.40156250000000004 0.034375 0.046875
0 0.55859375 0.8773437500000001 0.0171875 0.035937500000000004
0 0.6203125 0.8304687500000001 0.021875000000000002 0.026562500000000003
0 0.6375000000000001 0.8203125 0.025 0.028125
0 0.7312500000000001 0.7828125 0.037500000000000006 0.037500000000000006
0 0.81171875 0.8171875000000001 0.0171875 0.028125
0 0.89765625 0.88203125 0.0171875 0.026562500000000003
0 0.8148437500000001 0.2984375 0.0234375 0.025
0 0.84375 0.2859375 0.021875000000000002 0.021875000000000002
