0 0.140625 0.7000000000000001 0.018750000000000003 0.03125
0 0.021875000000000002 0.78046875 0.03125 0.026562500000000003
0 0.01640625 0.690625 0.0234375 0.025
0 0.03125 0.7429687500000001 0.025 0.029687500000000002
0 0.04453125 0.6859375000000001 0.0171875 0.021875000000000002
0 0.14921875 0.6492187500000001 0.0140625 0.0203125
0 0.19765625 0.65625 0.0421875 0.021875000000000002
0 0.18984375 0.73203125 0.0171875 0.026562500000000003
0 0.21640625000000002 0.734375 0.0203125 0.034375
0 0.25 0.61875 0.021875000000000002 0.018750000000000003
0 0.26328125 0.64453125 0.045312500000000006 0.0328125
0 0.32890625 0.6742187500000001 0.0171875 0.0203125
0 0.43984375000000003 0.7742187500000001 0.0171875 0.035937500000000004
0 0.359375 0.6546875000000001 0.018750000000000003 0.025
0 0.446875 0.659375 0.028125 0.018750000000000003
0 0.45625000000000004 0.775 0.018750000000000003 0.034375
0 0.6390625000000001 0.7820312500000001 0.018750000000000003 0.0234375
0 0.45625000000000004 0.6453125000000001 0.025 0.025
0 0.509375 0.64375 0.018750000000000003 0.028125
0 0.73046875 0.36953125000000003 0.0234375 0.0234375
0 0.9281250000000001 0.16328125000000002 0.025 0.0203125
