0 0.6484375 0.6546875000000001 0.021875000000000002 0.034375
0 0.12578125 0.72265625 0.026562500000000003 0.026562500000000003
0 0.13593750000000002 0.7312500000000001 0.021875000000000002 0.021875000000000002
0 0.1125 0.75390625 0.018750000000000003 0.026562500000000003
0 0.12265625000000001 0.753125 0.0140625 0.021875000000000002
0 0.36250000000000004 0.11093750000000001 0.03125 0.021875000000000002
0 0.33906250000000004 0.24765625000000002 0.015625 0.0171875
0 0.3796875 0.253125 0.015625 0.028125
0 0.9226562500000001 0.30312500000000003 0.029687500000000002 0.018750000000000003
0 0.9203125000000001 0.31875000000000003 0.021875000000000002 0.021875000000000002
0 0.37109375 0.21015625000000002 0.0203125 0.0171875
