0 0.665625 0.69140625 0.028125 0.0484375
0 0.9867187500000001 0.2546875 0.026562500000000003 0.015625
0 0.98828125 0.27187500000000003 0.0234375 0.025
0 0.51875 0.17578125 0.025 0.0234375
0 0.27890625 0.19375 0.0203125 0.018750000000000003
0 0.32656250000000003 0.20234375000000002 0.03125 0.0421875
0 0.0078125 0.8109375000000001 0.0125 0.021875000000000002
0 0.021875000000000002 0.815625 0.021875000000000002 0.028125
0 0.02734375 0.7781250000000001 0.0328125 0.03125
0 0.043750000000000004 0.78515625 0.021875000000000002 0.0234375
0 0.29765625 0.15000000000000002 0.0203125 0.025
