0 0.6484375 0.659375 0.025 0.034375
0 0.09921875000000001 0.7375 0.026562500000000003 0.028125
0 0.11093750000000001 0.74765625 0.025 0.0203125
0 0.08828125 0.7703125000000001 0.0203125 0.028125
0 0.09921875000000001 0.77109375 0.0171875 0.0234375
0 0.3171875 0.234375 0.018750000000000003 0.015625
0 0.36250000000000004 0.24375000000000002 0.018750000000000003 0.028125
0 0.43125 0.1484375 0.021875000000000002 0.025
0 0.9304687500000001 0.28828125 0.029687500000000002 0.0203125
0 0.9281250000000001 0.30312500000000003 0.025 0.025
0 0.34296875000000004 0.20234375000000002 0.0171875 0.0203125
