0 0.66796875 0.6953125 0.026562500000000003 0.046875
0 0.99140625 0.25 0.0171875 0.018750000000000003
0 0.9921875 0.26875 0.015625 0.028125
0 0.2734375 0.18828125 0.021875000000000002 0.0171875
0 0.32343750000000004 0.19765625 0.028125 0.035937500000000004
0 0.52734375 0.178125 0.0390625 0.037500000000000006
0 0.035937500000000004 0.7953125000000001 0.021875000000000002 0.021875000000000002
0 0.017968750000000002 0.7859375000000001 0.0328125 0.028125
0 0.0140625 0.8226562500000001 0.018750000000000003 0.029687500000000002
0 0.29765625 0.146875 0.0203125 0.021875000000000002
