0 0.64453125 0.65 0.0234375 0.034375
0 0.12812500000000002 0.71796875 0.025 0.026562500000000003
0 0.11484375000000001 0.7484375000000001 0.0140625 0.028125
0 0.13828125 0.7296875 0.0203125 0.018750000000000003
0 0.125 0.7515625 0.015625 0.021875000000000002
0 0.3359375 0.24609375 0.015625 0.0171875
0 0.37578125 0.25390625 0.0171875 0.026562500000000003
0 0.91328125 0.30000000000000004 0.029687500000000002 0.018750000000000003
0 0.9109375000000001 0.3140625 0.021875000000000002 0.021875000000000002
0 0.36875 0.2109375 0.018750000000000003 0.028125
