0 0.66171875 0.68671875 0.026562500000000003 0.045312500000000006
0 0.98359375 0.2578125 0.0328125 0.018750000000000003
0 0.98359375 0.275 0.029687500000000002 0.028125
0 0.284375 0.19687500000000002 0.018750000000000003 0.018750000000000003
0 0.33203125 0.20703125 0.026562500000000003 0.035937500000000004
0 0.51015625 0.17343750000000002 0.0328125 0.034375
0 0.014843750000000001 0.8031250000000001 0.0140625 0.021875000000000002
0 0.029687500000000002 0.80859375 0.021875000000000002 0.026562500000000003
0 0.03515625 0.76953125 0.0328125 0.029687500000000002
0 0.0484375 0.78125 0.025 0.021875000000000002
0 0.30312500000000003 0.15234375 0.018750000000000003 0.029687500000000002
