0 0.64609375 0.6546875000000001 0.0234375 0.03125
0 0.11406250000000001 0.72421875 0.025 0.029687500000000002
0 0.12421875 0.734375 0.0203125 0.021875000000000002
0 0.1 0.7585937500000001 0.018750000000000003 0.0234375
0 0.109375 0.759375 0.018750000000000003 0.021875000000000002
0 0.3296875 0.23984375000000002 0.018750000000000003 0.0171875
0 0.371875 0.24765625000000002 0.018750000000000003 0.026562500000000003
0 0.39765625000000004 0.125 0.029687500000000002 0.028125
0 0.92578125 0.29765625 0.029687500000000002 0.0203125
0 0.9226562500000001 0.3140625 0.0234375 0.025
0 0.35000000000000003 0.209375 0.015625 0.021875000000000002
