0 0.64765625 0.64765625 0.0234375 0.0328125
0 0.13046875 0.7250000000000001 0.0234375 0.028125
0 0.1421875 0.73359375 0.018750000000000003 0.0234375
0 0.11953125 0.7562500000000001 0.0203125 0.025
0 0.12734375 0.7562500000000001 0.0171875 0.021875000000000002
0 0.325 0.1046875 0.021875000000000002 0.009375000000000001
0 0.33437500000000003 0.2484375 0.015625 0.015625
0 0.375 0.25625000000000003 0.018750000000000003 0.028125
0 0.9148437500000001 0.29531250000000003 0.029687500000000002 0.018750000000000003
0 0.9109375000000001 0.31093750000000003 0.021875000000000002 0.021875000000000002
0 0.3671875 0.21250000000000002 0.015625 0.021875000000000002
