0 0.6453125000000001 0.6492187500000001 0.025 0.035937500000000004
0 0.12890625 0.7156250000000001 0.0234375 0.028125
0 0.140625 0.7234375000000001 0.018750000000000003 0.021875000000000002
0 0.11640625 0.74609375 0.0203125 0.026562500000000003
0 0.1265625 0.74765625 0.015625 0.0234375
0 0.33906250000000004 0.24531250000000002 0.015625 0.018750000000000003
0 0.37812500000000004 0.25234375000000003 0.021875000000000002 0.026562500000000003
0 0.9140625 0.3015625 0.028125 0.018750000000000003
0 0.9109375000000001 0.31640625 0.021875000000000002 0.0234375
0 0.36875 0.21406250000000002 0.015625 0.021875000000000002
