0 0.6507812500000001 0.66015625 0.0234375 0.0328125
0 0.09765625 0.7390625000000001 0.0234375 0.028125
0 0.0859375 0.7703125000000001 0.015625 0.018750000000000003
0 0.09765625 0.7742187500000001 0.0171875 0.0234375
0 0.11015625000000001 0.75 0.0203125 0.021875000000000002
0 0.31640625 0.23125 0.0203125 0.015625
0 0.3609375 0.240625 0.018750000000000003 0.028125
0 0.43984375000000003 0.15390625000000002 0.0328125 0.029687500000000002
0 0.9343750000000001 0.28359375000000003 0.028125 0.0171875
0 0.9328125 0.30000000000000004 0.025 0.021875000000000002
0 0.34218750000000003 0.19765625 0.018750000000000003 0.0171875
