0 0.6609375000000001 0.6804687500000001 0.028125 0.045312500000000006
0 0.978125 0.2625 0.034375 0.018750000000000003
0 0.9765625 0.27968750000000003 0.028125 0.025
0 0.290625 0.2 0.018750000000000003 0.018750000000000003
0 0.3359375 0.209375 0.025 0.034375
0 0.50390625 0.16796875 0.026562500000000003 0.026562500000000003
0 0.04453125 0.7640625000000001 0.029687500000000002 0.028125
0 0.059375000000000004 0.7742187500000001 0.021875000000000002 0.0234375
0 0.025 0.7976562500000001 0.015625 0.0234375
0 0.039843750000000004 0.8015625000000001 0.0203125 0.028125
0 0.30625 0.15781250000000002 0.025 0.028125
