0 0.64609375 0.659375 0.0234375 0.03125
0 0.10078125 0.734375 0.026562500000000003 0.028125
0 0.11406250000000001 0.7429687500000001 0.021875000000000002 0.0234375
0 0.0890625 0.7679687500000001 0.021875000000000002 0.026562500000000003
0 0.09921875000000001 0.76953125 0.0171875 0.0234375
0 0.31953125000000004 0.23515625 0.0171875 0.0140625
0 0.3640625 0.24453125 0.018750000000000003 0.026562500000000003
0 0.42500000000000004 0.14375000000000002 0.03125 0.03125
0 0.92734375 0.29140625000000003 0.026562500000000003 0.0171875
0 0.92578125 0.30703125000000003 0.0234375 0.0234375
0 0.34687500000000004 0.20078125000000002 0.028125 0.0234375
