0 0.6609375000000001 0.6742187500000001 0.028125 0.0390625
0 0.97265625 0.26406250000000003 0.0328125 0.018750000000000003
0 0.9695312500000001 0.28125 0.026562500000000003 0.025
0 0.29453125 0.203125 0.0171875 0.018750000000000003
0 0.340625 0.21171875 0.028125 0.0328125
0 0.4921875 0.1625 0.037500000000000006 0.034375
0 0.055468750000000004 0.759375 0.029687500000000002 0.028125
0 0.06875 0.76875 0.021875000000000002 0.021875000000000002
0 0.03515625 0.7937500000000001 0.0140625 0.021875000000000002
0 0.05078125 0.7976562500000001 0.0203125 0.026562500000000003
0 0.3125 0.16328125000000002 0.03125 0.0203125
