0 0.6570312500000001 0.665625 0.026562500000000003 0.034375
0 0.08046875 0.7453125 0.029687500000000002 0.028125
0 0.09140625000000001 0.75546875 0.0234375 0.0234375
0 0.06406250000000001 0.78046875 0.018750000000000003 0.026562500000000003
0 0.07734375 0.7820312500000001 0.0203125 0.0234375
0 0.309375 0.21640625000000002 0.018750000000000003 0.0171875
0 0.3515625 0.22421875000000002 0.021875000000000002 0.026562500000000003
0 0.4734375 0.1625 0.028125 0.028125
0 0.95625 0.27421875 0.034375 0.0171875
0 0.95234375 0.290625 0.026562500000000003 0.025
0 0.33203125 0.178125 0.0171875 0.025
