0 0.64375 0.65 0.025 0.034375
0 0.12734375 0.7156250000000001 0.0234375 0.025
0 0.1375 0.7234375000000001 0.018750000000000003 0.021875000000000002
0 0.115625 0.7468750000000001 0.021875000000000002 0.025
0 0.12421875 0.74609375 0.0171875 0.0234375
0 0.33828125000000003 0.24609375 0.0140625 0.0171875
0 0.3796875 0.253125 0.018750000000000003 0.028125
0 0.9140625 0.30312500000000003 0.028125 0.018750000000000003
0 0.91171875 0.3171875 0.0203125 0.021875000000000002
0 0.37031250000000004 0.21171875 0.018750000000000003 0.0234375
