0 0.64609375 0.65546875 0.0234375 0.0328125
0 0.11015625000000001 0.7265625 0.0234375 0.025
0 0.12187500000000001 0.7367187500000001 0.021875000000000002 0.0203125
0 0.09609375 0.7601562500000001 0.0203125 0.0234375
0 0.10546875 0.7601562500000001 0.0171875 0.0203125
0 0.32890625 0.23828125 0.0203125 0.0140625
0 0.37031250000000004 0.24765625000000002 0.015625 0.029687500000000002
0 0.40703125 0.13203125000000002 0.026562500000000003 0.026562500000000003
0 0.9265625000000001 0.29609375 0.03125 0.0203125
0 0.9234375 0.3125 0.025 0.021875000000000002
0 0.35000000000000003 0.20390625 0.018750000000000003 0.029687500000000002
