0 0.6453125000000001 0.659375 0.025 0.03125
0 0.10312500000000001 0.7312500000000001 0.025 0.028125
0 0.115625 0.7390625000000001 0.018750000000000003 0.021875000000000002
0 0.08984375 0.7664062500000001 0.0203125 0.026562500000000003
0 0.1 0.76484375 0.018750000000000003 0.0234375
0 0.32265625000000003 0.23671875 0.0171875 0.0140625
0 0.36562500000000003 0.24453125 0.015625 0.026562500000000003
0 0.42031250000000003 0.1390625 0.021875000000000002 0.025
0 0.9265625000000001 0.29375 0.028125 0.018750000000000003
0 0.9242187500000001 0.309375 0.0234375 0.025
0 0.35078125000000004 0.20468750000000002 0.0234375 0.018750000000000003
