0 0.64765625 0.65546875 0.0234375 0.0328125
0 0.12109375 0.7234375000000001 0.026562500000000003 0.028125
0 0.1328125 0.73203125 0.018750000000000003 0.0234375
0 0.109375 0.75546875 0.018750000000000003 0.0234375
0 0.11796875000000001 0.75546875 0.0140625 0.0234375
0 0.3359375 0.24531250000000002 0.018750000000000003 0.015625
0 0.37890625 0.25234375000000003 0.0171875 0.029687500000000002
0 0.3796875 0.11796875000000001 0.028125 0.026562500000000003
0 0.9242187500000001 0.30234375 0.026562500000000003 0.0203125
0 0.921875 0.31953125000000004 0.025 0.0234375
0 0.36250000000000004 0.2109375 0.015625 0.015625
