0 0.64765625 0.65546875 0.0234375 0.0328125
0 0.1171875 0.72421875 0.025 0.026562500000000003
0 0.12734375 0.734375 0.0203125 0.021875000000000002
0 0.1046875 0.7578125 0.018750000000000003 0.025
0 0.11328125 0.7578125 0.0140625 0.021875000000000002
0 0.33125000000000004 0.24140625000000002 0.018750000000000003 0.0171875
0 0.37421875000000004 0.2484375 0.0171875 0.028125
0 0.39453125 0.12187500000000001 0.026562500000000003 0.028125
0 0.9242187500000001 0.29765625 0.029687500000000002 0.0203125
0 0.92109375 0.31562500000000004 0.0234375 0.021875000000000002
0 0.35390625000000003 0.21171875 0.0234375 0.0171875
