0 0.6585937500000001 0.67109375 0.026562500000000003 0.035937500000000004
0 0.96640625 0.26796875000000003 0.0328125 0.0203125
0 0.9617187500000001 0.284375 0.026562500000000003 0.025
0 0.29921875000000003 0.2078125 0.0203125 0.018750000000000003
0 0.34375 0.215625 0.028125 0.03125
0 0.48828125 0.1625 0.026562500000000003 0.028125
0 0.0625 0.75390625 0.025 0.029687500000000002
0 0.0765625 0.7625000000000001 0.021875000000000002 0.025
0 0.04296875 0.7898437500000001 0.0140625 0.026562500000000003
0 0.05859375 0.7921875 0.0203125 0.025
0 0.32109375 0.171875 0.035937500000000004 0.018750000000000003
