0 0.64765625 0.6531250000000001 0.0234375 0.03125
0 0.12734375 0.721875 0.026562500000000003 0.028125
0 0.13671875 0.73046875 0.0203125 0.0234375
0 0.11484375000000001 0.753125 0.0203125 0.025
0 0.1234375 0.75390625 0.015625 0.0203125
0 0.34921875 0.1078125 0.0234375 0.015625
0 0.33984375 0.246875 0.0171875 0.015625
0 0.38046875 0.25390625 0.0171875 0.026562500000000003
0 0.92109375 0.30234375 0.029687500000000002 0.0203125
0 0.9171875 0.31875000000000003 0.021875000000000002 0.025
0 0.37109375 0.21250000000000002 0.0203125 0.021875000000000002
