0 0.35781250000000003 0.35703125 0.025 0.035937500000000004
0 0.09531250000000001 0.7015625000000001 0.025 0.018750000000000003
0 0.09531250000000001 0.68515625 0.028125 0.0203125
0 0.62109375 0.7453125 0.0203125 0.025
0 0.6195312500000001 0.775 0.0171875 0.018750000000000003
0 0.6609375000000001 0.7507812500000001 0.015625 0.0140625
0 0.86640625 0.2578125 0.010937500000000001 0.021875000000000002
0 0.87890625 0.265625 0.0078125 0.0125
0 0.86328125 0.28984375 0.0203125 0.0234375
0 0.8500000000000001 0.27968750000000003 0.021875000000000002 0.015625
