0 0.6585937500000001 0.6687500000000001 0.026562500000000003 0.037500000000000006
0 0.3046875 0.21015625000000002 0.018750000000000003 0.0171875
0 0.34765625 0.22031250000000002 0.026562500000000003 0.034375
0 0.48046875 0.1625 0.029687500000000002 0.028125
0 0.055468750000000004 0.7859375000000001 0.0171875 0.028125
0 0.06875 0.78671875 0.021875000000000002 0.0234375
0 0.07187500000000001 0.7515625 0.028125 0.021875000000000002
0 0.08515625 0.759375 0.0203125 0.021875000000000002
0 0.96015625 0.27109375 0.0328125 0.0171875
0 0.9578125000000001 0.28750000000000003 0.025 0.025
0 0.32656250000000003 0.17578125 0.021875000000000002 0.0203125
