0 0.26484375 0.7765625 0.029687500000000002 0.025
0 0.43203125000000003 0.77265625 0.0203125 0.029687500000000002
0 0.06796875000000001 0.540625 0.026562500000000003 0.021875000000000002
0 0.08125 0.5625 0.025 0.021875000000000002
0 0.109375 0.55390625 0.018750000000000003 0.0234375
0 0.1328125 0.5320312500000001 0.018750000000000003 0.0234375
0 0.13984375000000002 0.54921875 0.0171875 0.0203125
0 0.16015625 0.51953125 0.0234375 0.0140625
0 0.16015625 0.55234375 0.0234375 0.0203125
0 0.15937500000000002 0.43046875 0.018750000000000003 0.0171875
0 0.21875 0.48359375000000004 0.028125 0.0203125
0 0.2484375 0.48359375000000004 0.015625 0.0171875
0 0.29140625000000003 0.48671875000000003 0.0203125 0.0171875
0 0.21796875000000002 0.55234375 0.0203125 0.0140625
0 0.25546875 0.55 0.0421875 0.021875000000000002
0 0.296875 0.55 0.021875000000000002 0.018750000000000003
0 0.34453125 0.49375 0.0203125 0.018750000000000003
0 0.390625 0.44609375 0.025 0.029687500000000002
0 0.35000000000000003 0.43671875000000004 0.015625 0.0234375
0 0.44921875 0.43359375 0.0203125 0.0171875
0 0.45390625 0.47734375 0.0234375 0.0171875
