0 0.44609375 0.628125 0.0234375 0.028125
0 0.2484375 0.6234375000000001 0.03125 0.025
0 0.15703125 0.275 0.0390625 0.021875000000000002
0 0.06640625 0.38125000000000003 0.0234375 0.025
0 0.08046875 0.40625 0.026562500000000003 0.021875000000000002
0 0.109375 0.39921875 0.021875000000000002 0.0203125
0 0.13046875 0.371875 0.0203125 0.028125
0 0.13828125 0.38984375000000004 0.0203125 0.0171875
0 0.1609375 0.3609375 0.025 0.015625
0 0.15937500000000002 0.3953125 0.025 0.018750000000000003
0 0.21796875000000002 0.39375000000000004 0.0234375 0.015625
0 0.25625000000000003 0.390625 0.018750000000000003 0.015625
0 0.29375 0.39296875000000003 0.034375 0.0140625
0 0.215625 0.321875 0.03125 0.021875000000000002
0 0.2515625 0.32578125 0.025 0.0171875
0 0.29375 0.33046875000000003 0.043750000000000004 0.0171875
0 0.34609375000000003 0.33515625000000004 0.0203125 0.0171875
0 0.3515625 0.27734375 0.018750000000000003 0.0203125
0 0.39140625 0.28671875 0.0390625 0.0234375
0 0.45156250000000003 0.27578125000000003 0.028125 0.0171875
0 0.39609375 0.32578125 0.0546875 0.0140625
0 0.45234375000000004 0.3203125 0.0390625 0.015625
