0 0.06406250000000001 0.875 0.021875000000000002 0.028125
0 0.08750000000000001 0.8929687500000001 0.018750000000000003 0.0140625
0 0.10312500000000001 0.8703125 0.018750000000000003 0.018750000000000003
0 0.12812500000000002 0.8625 0.015625 0.018750000000000003
0 0.13828125 0.878125 0.0171875 0.018750000000000003
0 0.15781250000000002 0.8828125 0.018750000000000003 0.021875000000000002
0 0.15703125 0.85078125 0.0203125 0.0203125
0 0.21640625000000002 0.8835937500000001 0.0171875 0.0203125
0 0.2515625 0.8812500000000001 0.018750000000000003 0.025
0 0.29453125 0.8828125 0.0203125 0.021875000000000002
0 0.33984375 0.8250000000000001 0.0203125 0.021875000000000002
0 0.44843750000000004 0.8132812500000001 0.028125 0.0203125
