0 0.43046875 0.7000000000000001 0.026562500000000003 0.034375
0 0.037500000000000006 0.37734375000000003 0.025 0.026562500000000003
0 0.037500000000000006 0.39296875000000003 0.018750000000000003 0.0234375
0 0.010937500000000001 0.4 0.018750000000000003 0.025
0 0.00859375 0.3875 0.0140625 0.021875000000000002
0 0.51015625 0.2109375 0.0171875 0.021875000000000002
0 0.55703125 0.22031250000000002 0.0203125 0.015625
0 0.53046875 0.24453125 0.026562500000000003 0.0234375
0 0.8546875 0.659375 0.021875000000000002 0.025
0 0.8453125 0.6664062500000001 0.025 0.026562500000000003
