0 0.07265625 0.7046875 0.0234375 0.021875000000000002
0 0.08984375 0.7289062500000001 0.0203125 0.029687500000000002
0 0.11328125 0.7109375 0.0203125 0.025
0 0.13593750000000002 0.6976562500000001 0.018750000000000003 0.0203125
0 0.1625 0.6820312500000001 0.021875000000000002 0.0203125
0 0.1453125 0.7125 0.021875000000000002 0.018750000000000003
0 0.1640625 0.7171875000000001 0.021875000000000002 0.018750000000000003
0 0.22109375 0.71484375 0.0234375 0.0203125
0 0.25625000000000003 0.7117187500000001 0.037500000000000006 0.0234375
0 0.22187500000000002 0.6492187500000001 0.028125 0.0203125
0 0.25078125 0.6507812500000001 0.0203125 0.0171875
0 0.29453125 0.65234375 0.0234375 0.0203125
0 0.30234375 0.7140625 0.0234375 0.018750000000000003
0 0.3484375 0.65625 0.021875000000000002 0.021875000000000002
0 0.45625000000000004 0.640625 0.021875000000000002 0.018750000000000003
0 0.453125 0.59609375 0.021875000000000002 0.0171875
