0 0.58515625 0.6765625000000001 0.0203125 0.034375
0 0.08281250000000001 0.62109375 0.025 0.0234375
0 0.08984375 0.6312500000000001 0.0203125 0.018750000000000003
0 0.3875 0.22265625 0.015625 0.0140625
0 0.43359375 0.203125 0.0171875 0.018750000000000003
0 0.42500000000000004 0.23984375000000002 0.021875000000000002 0.0234375
0 0.921875 0.4078125 0.028125 0.021875000000000002
0 0.9171875 0.42031250000000003 0.021875000000000002 0.025
0 0.06171875 0.64609375 0.0171875 0.029687500000000002
0 0.0703125 0.6492187500000001 0.015625 0.0234375
