0 0.42734375 0.87109375 0.0234375 0.029687500000000002
0 0.28125 0.8851562500000001 0.025 0.0234375
0 0.07265625 0.65234375 0.0234375 0.0234375
0 0.08984375 0.675 0.0234375 0.025
0 0.11328125 0.66328125 0.0203125 0.0234375
0 0.13593750000000002 0.6453125000000001 0.025 0.018750000000000003
0 0.1453125 0.6585937500000001 0.021875000000000002 0.0203125
0 0.16562500000000002 0.66328125 0.021875000000000002 0.0203125
0 0.1640625 0.6312500000000001 0.025 0.018750000000000003
0 0.22187500000000002 0.6640625 0.021875000000000002 0.018750000000000003
0 0.26015625000000003 0.6609375000000001 0.0421875 0.021875000000000002
0 0.30312500000000003 0.66171875 0.025 0.0171875
0 0.22187500000000002 0.5953125 0.025 0.021875000000000002
0 0.25 0.596875 0.021875000000000002 0.015625
0 0.29375 0.59765625 0.021875000000000002 0.0203125
0 0.3484375 0.6023437500000001 0.018750000000000003 0.0234375
0 0.40078125000000003 0.59375 0.0234375 0.018750000000000003
0 0.45 0.54296875 0.025 0.0203125
0 0.45546875000000003 0.5859375 0.026562500000000003 0.018750000000000003
