0 0.6421875 0.6414062500000001 0.025 0.0328125
0 0.1375 0.7117187500000001 0.025 0.026562500000000003
0 0.125 0.7406250000000001 0.018750000000000003 0.025
0 0.13359375 0.7406250000000001 0.0140625 0.021875000000000002
0 0.14765625000000002 0.7171875000000001 0.0203125 0.021875000000000002
0 0.3375 0.24765625000000002 0.018750000000000003 0.0140625
0 0.3765625 0.2546875 0.025 0.021875000000000002
0 0.9046875000000001 0.29921875000000003 0.028125 0.0171875
0 0.90390625 0.31328125 0.0234375 0.0234375
0 0.38046875 0.225 0.0171875 0.018750000000000003
