0 0.44062500000000004 0.696875 0.021875000000000002 0.028125
0 0.25546875 0.69921875 0.029687500000000002 0.0234375
0 0.065625 0.45937500000000003 0.025 0.021875000000000002
0 0.07968750000000001 0.48359375000000004 0.025 0.0203125
0 0.10625000000000001 0.47578125000000004 0.018750000000000003 0.0234375
0 0.13046875 0.45390625 0.0171875 0.0203125
0 0.13828125 0.46640625 0.0203125 0.0203125
0 0.16015625 0.47187500000000004 0.0234375 0.018750000000000003
0 0.15859375 0.43984375000000003 0.0234375 0.0171875
0 0.15781250000000002 0.35000000000000003 0.03125 0.018750000000000003
0 0.21484375 0.40156250000000004 0.0328125 0.025
0 0.24921875000000002 0.40468750000000003 0.0203125 0.015625
0 0.290625 0.40546875000000004 0.034375 0.0203125
0 0.34375 0.41250000000000003 0.021875000000000002 0.021875000000000002
0 0.39375000000000004 0.403125 0.018750000000000003 0.015625
0 0.2171875 0.47265625 0.021875000000000002 0.0171875
0 0.2546875 0.46875 0.018750000000000003 0.021875000000000002
0 0.29531250000000003 0.46875 0.043750000000000004 0.021875000000000002
0 0.35078125000000004 0.35390625000000003 0.0171875 0.0171875
0 0.44921875 0.35468750000000004 0.029687500000000002 0.015625
0 0.453125 0.39687500000000003 0.021875000000000002 0.015625
