0 0.53671875 0.69453125 0.0234375 0.0328125
0 0.42578125 0.21015625000000002 0.0203125 0.0171875
0 0.46015625000000004 0.23515625 0.0234375 0.0234375
0 0.47421875 0.2 0.0203125 0.021875000000000002
0 0.915625 0.49375 0.028125 0.021875000000000002
0 0.9085937500000001 0.50546875 0.0234375 0.0203125
0 0.05078125 0.54453125 0.029687500000000002 0.0234375
0 0.0578125 0.5593750000000001 0.018750000000000003 0.018750000000000003
0 0.025781250000000002 0.56640625 0.0140625 0.029687500000000002
0 0.035937500000000004 0.56953125 0.015625 0.026562500000000003
