0 0.47890625000000003 0.7984375 0.0171875 0.015625
0 0.50234375 0.7625000000000001 0.0171875 0.021875000000000002
0 0.53046875 0.79296875 0.0171875 0.010937500000000001
0 0.5164062500000001 0.296875 0.0234375 0.03125
0 0.1046875 0.42109375000000004 0.025 0.0203125
0 0.11640625 0.41015625 0.0203125 0.0203125
0 0.9671875000000001 0.5359375000000001 0.021875000000000002 0.021875000000000002
0 0.9851562500000001 0.51328125 0.0140625 0.0203125
0 0.9921875 0.52578125 0.009375000000000001 0.0140625
0 0.9625 0.521875 0.015625 0.018750000000000003
