0 0.63984375 0.64453125 0.0234375 0.0328125
0 0.13359375 0.70859375 0.026562500000000003 0.026562500000000003
0 0.14375000000000002 0.71875 0.021875000000000002 0.021875000000000002
0 0.12109375 0.73984375 0.0171875 0.0234375
0 0.13125 0.73984375 0.015625 0.0203125
0 0.33906250000000004 0.24765625000000002 0.015625 0.0140625
0 0.37734375000000003 0.25546875 0.0203125 0.0234375
0 0.90546875 0.30078125 0.029687500000000002 0.0203125
0 0.9031250000000001 0.3171875 0.025 0.021875000000000002
0 0.375 0.22187500000000002 0.015625 0.021875000000000002
