0 0.14296875 0.340625 0.0234375 0.021875000000000002
0 0.15625 0.33125000000000004 0.018750000000000003 0.018750000000000003
0 0.56953125 0.30078125 0.026562500000000003 0.0328125
0 0.46640625 0.75390625 0.0203125 0.0171875
0 0.48828125 0.7890625 0.0171875 0.015625
0 0.44140625 0.784375 0.0171875 0.015625
0 0.9640625 0.6203125 0.021875000000000002 0.018750000000000003
0 0.9617187500000001 0.6046875 0.0171875 0.018750000000000003
0 0.9867187500000001 0.6039062500000001 0.0171875 0.0203125
0 0.9921875 0.6179687500000001 0.0125 0.0140625
