0 0.09531250000000001 0.6898437500000001 0.028125 0.0171875
0 0.09531250000000001 0.7054687500000001 0.025 0.0171875
0 0.6218750000000001 0.7445312500000001 0.018750000000000003 0.0234375
0 0.6195312500000001 0.77734375 0.0171875 0.0171875
0 0.6609375000000001 0.7515625 0.0125 0.0125
0 0.35390625000000003 0.36171875000000003 0.0234375 0.0328125
0 0.8617187500000001 0.25625000000000003 0.0171875 0.021875000000000002
0 0.87421875 0.2625 0.010937500000000001 0.015625
0 0.84765625 0.27734375 0.0171875 0.0203125
0 0.85859375 0.28750000000000003 0.0234375 0.025
