0 0.64609375 0.6375000000000001 0.026562500000000003 0.03125
0 0.14453125 0.7117187500000001 0.0234375 0.026562500000000003
0 0.153125 0.7203125 0.021875000000000002 0.021875000000000002
0 0.1328125 0.7421875 0.018750000000000003 0.028125
0 0.14140625 0.7421875 0.0171875 0.025
0 0.34218750000000003 0.25 0.018750000000000003 0.018750000000000003
0 0.37578125 0.21406250000000002 0.0203125 0.03125
0 0.3796875 0.2546875 0.021875000000000002 0.025
0 0.90546875 0.29296875 0.029687500000000002 0.0203125
0 0.9015625 0.30781250000000004 0.021875000000000002 0.025
