0 0.37812500000000004 0.6875 0.028125 0.03125
0 0.022656250000000003 0.296875 0.0171875 0.025
0 0.025 0.30781250000000004 0.018750000000000003 0.021875000000000002
0 0.05390625 0.29453125 0.029687500000000002 0.0203125
0 0.053125000000000006 0.30781250000000004 0.018750000000000003 0.025
0 0.55234375 0.22421875000000002 0.0171875 0.0203125
0 0.565625 0.2609375 0.021875000000000002 0.025
0 0.603125 0.23828125 0.018750000000000003 0.0203125
0 0.80234375 0.73046875 0.0203125 0.026562500000000003
0 0.7890625 0.7351562500000001 0.021875000000000002 0.0234375
