0 0.06953125 0.7875000000000001 0.0234375 0.025
0 0.09062500000000001 0.81171875 0.021875000000000002 0.029687500000000002
0 0.11015625000000001 0.78828125 0.0234375 0.0203125
0 0.13359375 0.7765625 0.0171875 0.021875000000000002
0 0.14296875 0.7953125000000001 0.0203125 0.018750000000000003
0 0.16171875000000002 0.7679687500000001 0.0234375 0.0203125
0 0.1625 0.79609375 0.021875000000000002 0.0203125
0 0.21796875000000002 0.7976562500000001 0.0203125 0.0203125
0 0.25625000000000003 0.7953125000000001 0.018750000000000003 0.021875000000000002
0 0.29921875000000003 0.7953125000000001 0.0203125 0.018750000000000003
0 0.3453125 0.7406250000000001 0.018750000000000003 0.021875000000000002
0 0.45234375000000004 0.72265625 0.0234375 0.0203125
