0 0.64765625 0.6375000000000001 0.026562500000000003 0.034375
0 0.14375000000000002 0.7125 0.021875000000000002 0.025
0 0.1546875 0.72265625 0.018750000000000003 0.0203125
0 0.1328125 0.7421875 0.018750000000000003 0.025
0 0.14140625 0.74375 0.0140625 0.021875000000000002
0 0.33828125000000003 0.24921875000000002 0.0171875 0.0171875
0 0.37734375000000003 0.21640625000000002 0.0203125 0.026562500000000003
0 0.3765625 0.253125 0.018750000000000003 0.021875000000000002
0 0.90390625 0.290625 0.029687500000000002 0.018750000000000003
0 0.90234375 0.30703125000000003 0.0203125 0.0203125
