0 0.08671875000000001 0.6664062500000001 0.026562500000000003 0.0203125
0 0.0890625 0.6515625 0.021875000000000002 0.018750000000000003
0 0.6023437500000001 0.7523437500000001 0.0140625 0.0203125
0 0.6015625 0.7914062500000001 0.015625 0.0203125
0 0.6421875 0.76171875 0.015625 0.0140625
0 0.37421875000000004 0.3453125 0.0234375 0.03125
0 0.8875000000000001 0.2890625 0.018750000000000003 0.021875000000000002
0 0.9 0.296875 0.009375000000000001 0.015625
0 0.8703125 0.309375 0.015625 0.0125
0 0.88203125 0.3203125 0.0234375 0.021875000000000002
