0 0.521875 0.80390625 0.0125 0.0171875
0 0.540625 0.76484375 0.018750000000000003 0.0203125
0 0.5750000000000001 0.7875000000000001 0.018750000000000003 0.0125
0 0.46406250000000004 0.30546875 0.021875000000000002 0.029687500000000002
0 0.08281250000000001 0.5078125 0.025 0.018750000000000003
0 0.0921875 0.49296875 0.021875000000000002 0.0203125
0 0.9515625000000001 0.4546875 0.025 0.018750000000000003
0 0.9640625 0.42890625000000004 0.018750000000000003 0.0171875
0 0.97578125 0.4390625 0.010937500000000001 0.015625
0 0.9421875000000001 0.4390625 0.018750000000000003 0.018750000000000003
