0 0.09453125000000001 0.7093750000000001 0.029687500000000002 0.015625
0 0.09843750000000001 0.69296875 0.021875000000000002 0.0203125
0 0.6218750000000001 0.74609375 0.018750000000000003 0.0234375
0 0.625 0.78515625 0.018750000000000003 0.026562500000000003
0 0.659375 0.7507812500000001 0.015625 0.0140625
0 0.35390625000000003 0.36328125 0.0234375 0.029687500000000002
0 0.8562500000000001 0.28828125 0.021875000000000002 0.026562500000000003
0 0.859375 0.25703125 0.015625 0.0203125
0 0.87109375 0.26328125 0.010937500000000001 0.0171875
0 0.8460937500000001 0.2765625 0.0171875 0.015625
