0 0.64609375 0.63828125 0.0234375 0.0328125
0 0.14296875 0.7125 0.026562500000000003 0.028125
0 0.15234375 0.7203125 0.0203125 0.025
0 0.1296875 0.7429687500000001 0.018750000000000003 0.0234375
0 0.13828125 0.74375 0.0140625 0.021875000000000002
0 0.33828125000000003 0.246875 0.0171875 0.018750000000000003
0 0.37578125 0.25390625 0.0203125 0.0234375
0 0.90390625 0.29296875 0.026562500000000003 0.0171875
0 0.90390625 0.30781250000000004 0.026562500000000003 0.021875000000000002
0 0.37890625 0.21953125 0.0171875 0.0234375
