0 0.46640625 0.4265625 0.0234375 0.025
0 0.22421875000000002 0.39609375 0.026562500000000003 0.0234375
0 0.06015625 0.15625 0.0203125 0.018750000000000003
0 0.0765625 0.178125 0.018750000000000003 0.015625
0 0.11640625 0.18281250000000002 0.0234375 0.015625
0 0.1296875 0.14375000000000002 0.015625 0.037500000000000006
0 0.15937500000000002 0.13515625 0.021875000000000002 0.0171875
0 0.15859375 0.16796875 0.0203125 0.0140625
0 0.21953125 0.16796875 0.0203125 0.0140625
0 0.13828125 0.16015625 0.0171875 0.0171875
0 0.25625000000000003 0.1640625 0.021875000000000002 0.018750000000000003
0 0.29609375 0.16562500000000002 0.0234375 0.018750000000000003
0 0.34687500000000004 0.10703125000000001 0.018750000000000003 0.0140625
