0 0.43046875 0.79609375 0.026562500000000003 0.029687500000000002
0 0.27187500000000003 0.8046875 0.028125 0.021875000000000002
0 0.06875 0.56875 0.025 0.021875000000000002
0 0.07968750000000001 0.59140625 0.015625 0.0203125
0 0.11171875 0.58125 0.0203125 0.018750000000000003
0 0.134375 0.5609375 0.018750000000000003 0.021875000000000002
0 0.14296875 0.5765625 0.0203125 0.021875000000000002
0 0.1609375 0.55 0.021875000000000002 0.021875000000000002
0 0.16171875000000002 0.58046875 0.0203125 0.0171875
0 0.21953125 0.5109375 0.026562500000000003 0.021875000000000002
0 0.16015625 0.45937500000000003 0.0203125 0.018750000000000003
0 0.21953125 0.58046875 0.0234375 0.0171875
0 0.25546875 0.58203125 0.0390625 0.0234375
0 0.29921875000000003 0.578125 0.0203125 0.018750000000000003
0 0.2484375 0.51171875 0.018750000000000003 0.0171875
0 0.29375 0.5140625 0.021875000000000002 0.018750000000000003
0 0.3453125 0.52109375 0.021875000000000002 0.0203125
0 0.39687500000000003 0.51171875 0.018750000000000003 0.0234375
0 0.45078125 0.4609375 0.0234375 0.018750000000000003
0 0.453125 0.50390625 0.028125 0.0171875
