0 0.6257812500000001 0.65390625 0.0234375 0.0328125
0 0.1171875 0.67890625 0.025 0.026562500000000003
0 0.12578125 0.6890625 0.0203125 0.021875000000000002
0 0.1046875 0.70859375 0.018750000000000003 0.026562500000000003
0 0.11171875 0.7117187500000001 0.0171875 0.0234375
0 0.35859375000000004 0.2390625 0.0203125 0.018750000000000003
0 0.40078125000000003 0.21171875 0.0234375 0.026562500000000003
0 0.39375000000000004 0.24921875000000002 0.025 0.0234375
0 0.91328125 0.33437500000000003 0.026562500000000003 0.018750000000000003
0 0.909375 0.34921875 0.021875000000000002 0.0234375
