0 0.46015625000000004 0.49531250000000004 0.029687500000000002 0.028125
0 0.23203125000000002 0.47265625 0.029687500000000002 0.0234375
0 0.06171875 0.23593750000000002 0.0234375 0.021875000000000002
0 0.07968750000000001 0.25546875 0.025 0.0203125
0 0.11328125 0.26015625000000003 0.026562500000000003 0.0171875
0 0.13125 0.22734375 0.018750000000000003 0.0203125
0 0.14375000000000002 0.2390625 0.021875000000000002 0.018750000000000003
0 0.16015625 0.24453125 0.0203125 0.0203125
0 0.16171875000000002 0.21484375 0.026562500000000003 0.0234375
0 0.1609375 0.12421875 0.021875000000000002 0.0203125
0 0.20625000000000002 0.1296875 0.028125 0.015625
0 0.21796875000000002 0.17500000000000002 0.026562500000000003 0.018750000000000003
0 0.24921875000000002 0.17578125 0.029687500000000002 0.0203125
0 0.21796875000000002 0.24453125 0.0234375 0.0171875
0 0.25703125 0.24375000000000002 0.026562500000000003 0.015625
0 0.29765625 0.2421875 0.0390625 0.021875000000000002
0 0.29609375 0.1796875 0.029687500000000002 0.015625
0 0.34687500000000004 0.184375 0.021875000000000002 0.018750000000000003
0 0.35703125 0.1296875 0.0328125 0.015625
0 0.39765625000000004 0.134375 0.0421875 0.018750000000000003
0 0.39609375 0.171875 0.035937500000000004 0.028125
0 0.45390625 0.12421875 0.026562500000000003 0.0171875
0 0.4546875 0.16875 0.037500000000000006 0.018750000000000003
