0 0.09609375 0.690625 0.026562500000000003 0.018750000000000003
0 0.09609375 0.7078125000000001 0.029687500000000002 0.018750000000000003
0 0.6234375000000001 0.7468750000000001 0.018750000000000003 0.021875000000000002
0 0.66015625 0.7515625 0.0171875 0.0125
0 0.6203125 0.7796875000000001 0.018750000000000003 0.021875000000000002
0 0.35468750000000004 0.36171875000000003 0.021875000000000002 0.029687500000000002
0 0.8578125000000001 0.28671875 0.021875000000000002 0.026562500000000003
0 0.8617187500000001 0.25625000000000003 0.0171875 0.021875000000000002
0 0.8734375000000001 0.2625 0.009375000000000001 0.015625
0 0.846875 0.2765625 0.018750000000000003 0.015625
