0 0.6257812500000001 0.77734375 0.0140625 0.0203125
0 0.62265625 0.74609375 0.0171875 0.0203125
0 0.66171875 0.7523437500000001 0.0203125 0.010937500000000001
0 0.359375 0.353125 0.021875000000000002 0.028125
0 0.096875 0.6828125 0.021875000000000002 0.018750000000000003
0 0.09531250000000001 0.6984375 0.025 0.018750000000000003
0 0.8656250000000001 0.2921875 0.021875000000000002 0.025
0 0.8546875 0.27890625 0.015625 0.0140625
0 0.86875 0.25859375 0.015625 0.0203125
0 0.88046875 0.26328125 0.010937500000000001 0.0171875
