0 0.09765625 0.70859375 0.029687500000000002 0.0171875
0 0.09609375 0.69296875 0.0234375 0.0171875
0 0.625 0.784375 0.018750000000000003 0.025
0 0.62109375 0.7453125 0.0171875 0.028125
0 0.6609375000000001 0.7523437500000001 0.018750000000000003 0.0140625
0 0.35390625000000003 0.36171875000000003 0.026562500000000003 0.0328125
0 0.8601562500000001 0.25546875 0.0140625 0.0234375
0 0.87109375 0.2609375 0.010937500000000001 0.018750000000000003
0 0.8578125000000001 0.2890625 0.021875000000000002 0.025
0 0.846875 0.27578125000000003 0.015625 0.0140625
