0 0.07578125000000001 0.57265625 0.035937500000000004 0.026562500000000003
0 0.1234375 0.5671875000000001 0.025 0.021875000000000002
0 0.15859375 0.56953125 0.026562500000000003 0.0203125
0 0.1625 0.64609375 0.021875000000000002 0.0234375
0 0.23984375000000002 0.5625 0.0234375 0.021875000000000002
0 0.290625 0.5789062500000001 0.025 0.0234375
0 0.296875 0.6531250000000001 0.028125 0.025
0 0.36875 0.58359375 0.021875000000000002 0.0203125
0 0.36250000000000004 0.65390625 0.025 0.0234375
0 0.41796875 0.6609375000000001 0.026562500000000003 0.021875000000000002
0 0.22812500000000002 0.7156250000000001 0.025 0.025
0 0.29296875 0.7171875000000001 0.0328125 0.028125
0 0.36328125 0.7203125 0.026562500000000003 0.028125
0 0.41484375 0.7203125 0.0203125 0.021875000000000002
0 0.55234375 0.7359375 0.045312500000000006 0.025
0 0.5609375 0.7671875 0.028125 0.03125
0 0.5703125 0.45625000000000004 0.021875000000000002 0.018750000000000003
0 0.58203125 0.46796875000000004 0.0171875 0.0203125
0 0.5734375 0.50390625 0.028125 0.026562500000000003
