0 0.5710937500000001 0.36484375 0.0171875 0.0234375
0 0.58359375 0.375 0.0171875 0.021875000000000002
0 0.57578125 0.41015625 0.029687500000000002 0.029687500000000002
0 0.08046875 0.48046875 0.0390625 0.0234375
0 0.12734375 0.47578125000000004 0.0203125 0.026562500000000003
0 0.16328125000000002 0.47578125000000004 0.026562500000000003 0.0203125
0 0.24375000000000002 0.46953125 0.021875000000000002 0.0203125
0 0.2921875 0.48359375000000004 0.025 0.0234375
0 0.36953125000000003 0.48984375 0.0234375 0.0203125
0 0.29921875000000003 0.56015625 0.026562500000000003 0.0234375
0 0.36328125 0.56171875 0.0203125 0.0234375
0 0.41875 0.56875 0.025 0.025
0 0.29609375 0.6257812500000001 0.0328125 0.026562500000000003
0 0.36640625000000004 0.6265625 0.0234375 0.028125
0 0.41640625000000003 0.6273437500000001 0.0203125 0.0203125
0 0.55390625 0.6421875 0.045312500000000006 0.025
0 0.56171875 0.675 0.026562500000000003 0.03125
0 0.1625 0.5484375 0.018750000000000003 0.021875000000000002
0 0.22968750000000002 0.5484375 0.021875000000000002 0.021875000000000002
