0 0.06796875000000001 0.66328125 0.035937500000000004 0.029687500000000002
0 0.05234375 0.73203125 0.0234375 0.026562500000000003
0 0.11484375000000001 0.65625 0.0234375 0.025
0 0.15000000000000002 0.66015625 0.028125 0.0203125
0 0.15156250000000002 0.7351562500000001 0.021875000000000002 0.026562500000000003
0 0.2328125 0.6546875000000001 0.021875000000000002 0.025
0 0.2859375 0.6703125000000001 0.021875000000000002 0.025
0 0.20859375000000002 0.72578125 0.0234375 0.0328125
0 0.36171875000000003 0.6765625000000001 0.0234375 0.025
0 0.29140625000000003 0.74609375 0.0328125 0.026562500000000003
0 0.353125 0.74609375 0.025 0.0234375
0 0.41171875 0.75390625 0.026562500000000003 0.026562500000000003
0 0.21875 0.81015625 0.025 0.026562500000000003
0 0.28359375000000003 0.8109375000000001 0.029687500000000002 0.028125
0 0.35546875 0.8125 0.026562500000000003 0.028125
0 0.40703125 0.8140625 0.0203125 0.025
0 0.55 0.8328125000000001 0.037500000000000006 0.021875000000000002
0 0.55390625 0.8640625000000001 0.026562500000000003 0.025
0 0.56640625 0.5476562500000001 0.0203125 0.0203125
0 0.5789062500000001 0.5593750000000001 0.0171875 0.021875000000000002
0 0.56796875 0.59921875 0.026562500000000003 0.029687500000000002
