0 0.059375000000000004 0.7601562500000001 0.03125 0.029687500000000002
0 0.0421875 0.82578125 0.021875000000000002 0.029687500000000002
0 0.10390625 0.7523437500000001 0.0234375 0.0234375
0 0.140625 0.7546875000000001 0.028125 0.021875000000000002
0 0.1453125 0.8296875 0.025 0.025
0 0.1953125 0.8210937500000001 0.025 0.0390625
0 0.22187500000000002 0.7484375000000001 0.025 0.028125
0 0.278125 0.76484375 0.021875000000000002 0.026562500000000003
0 0.35468750000000004 0.7703125000000001 0.021875000000000002 0.025
0 0.284375 0.8406250000000001 0.03125 0.028125
0 0.3484375 0.8406250000000001 0.021875000000000002 0.028125
0 0.40468750000000003 0.84765625 0.028125 0.029687500000000002
0 0.5625 0.6414062500000001 0.021875000000000002 0.0203125
0 0.571875 0.65390625 0.018750000000000003 0.0234375
0 0.5632812500000001 0.6921875000000001 0.0328125 0.028125
