0 0.026562500000000003 0.6273437500000001 0.034375 0.0390625
0 0.022656250000000003 0.703125 0.0328125 0.03125
0 0.055468750000000004 0.6796875 0.0328125 0.05
0 0.08984375 0.7203125 0.0234375 0.025
0 0.2484375 0.33671875 0.025 0.0421875
0 0.25703125 0.3125 0.0203125 0.025
0 0.19296875000000002 0.465625 0.0203125 0.037500000000000006
0 0.4859375 0.44843750000000004 0.034375 0.043750000000000004
0 0.46406250000000004 0.478125 0.028125 0.03125
0 0.7742187500000001 0.8054687500000001 0.026562500000000003 0.0421875
0 0.9437500000000001 0.7132812500000001 0.043750000000000004 0.029687500000000002
0 0.9851562500000001 0.7273437500000001 0.029687500000000002 0.0328125
0 0.53359375 0.1328125 0.0203125 0.025
0 0.84140625 0.125 0.026562500000000003 0.03125
0 0.8070312500000001 0.146875 0.035937500000000004 0.034375
0 0.7976562500000001 0.184375 0.0421875 0.03125
0 0.9304687500000001 0.17421875 0.0234375 0.029687500000000002
0 0.9812500000000001 0.24531250000000002 0.028125 0.028125
0 0.9460937500000001 0.265625 0.026562500000000003 0.021875000000000002
0 0.95234375 0.296875 0.0390625 0.03125
0 0.92578125 0.3375 0.029687500000000002 0.025
0 0.98828125 0.32734375000000004 0.0234375 0.0234375
