0 0.478125 0.7312500000000001 0.03125 0.046875
0 0.45937500000000003 0.7625000000000001 0.028125 0.03125
0 0.2546875 0.6023437500000001 0.018750000000000003 0.0234375
0 0.24609375 0.6257812500000001 0.0328125 0.0390625
0 0.98359375 0.61484375 0.026562500000000003 0.0328125
0 0.915625 0.62421875 0.03125 0.029687500000000002
0 0.94296875 0.58359375 0.0390625 0.0328125
0 0.940625 0.5515625000000001 0.021875000000000002 0.03125
0 0.9710937500000001 0.5328125 0.026562500000000003 0.028125
0 0.91015625 0.484375 0.035937500000000004 0.040625
0 0.83359375 0.4109375 0.029687500000000002 0.037500000000000006
0 0.7976562500000001 0.43203125000000003 0.035937500000000004 0.029687500000000002
0 0.7937500000000001 0.47421875 0.043750000000000004 0.0328125
0 0.5328125 0.41484375 0.028125 0.029687500000000002
0 0.8773437500000001 0.15703125 0.045312500000000006 0.0578125
0 0.5859375 0.25234375000000003 0.040625 0.0390625
0 0.09062500000000001 0.28828125 0.025 0.029687500000000002
0 0.11484375000000001 0.31484375000000003 0.026562500000000003 0.026562500000000003
0 0.2609375 0.3046875 0.021875000000000002 0.028125
