0 0.02890625 0.7203125 0.035937500000000004 0.040625
0 0.01953125 0.7937500000000001 0.0328125 0.034375
0 0.055468750000000004 0.77265625 0.029687500000000002 0.0484375
0 0.08828125 0.8148437500000001 0.0234375 0.0234375
0 0.19453125000000002 0.56171875 0.0203125 0.0390625
0 0.24609375 0.43281250000000004 0.029687500000000002 0.037500000000000006
0 0.25546875 0.41171875 0.0203125 0.0234375
0 0.48281250000000003 0.5398437500000001 0.034375 0.0421875
0 0.4625 0.5734375 0.025 0.034375
0 0.9421875000000001 0.80390625 0.05 0.0328125
0 0.77109375 0.8859375 0.0234375 0.025
0 0.98203125 0.81953125 0.035937500000000004 0.035937500000000004
0 0.9234375 0.4296875 0.025 0.03125
0 0.9867187500000001 0.42421875000000003 0.026562500000000003 0.029687500000000002
0 0.9453125 0.3609375 0.021875000000000002 0.025
0 0.9500000000000001 0.39140625 0.037500000000000006 0.0328125
0 0.9796875 0.340625 0.025 0.028125
0 0.9234375 0.278125 0.028125 0.025
0 0.8382812500000001 0.21953125 0.026562500000000003 0.035937500000000004
0 0.8054687500000001 0.240625 0.0328125 0.028125
0 0.796875 0.27968750000000003 0.037500000000000006 0.034375
0 0.534375 0.2265625 0.021875000000000002 0.028125
0 0.11796875000000001 0.12109375 0.0328125 0.0328125
0 0.2625 0.11171875 0.021875000000000002 0.0234375
