0 0.25390625 0.7890625 0.0203125 0.025
0 0.24453125 0.81171875 0.029687500000000002 0.035937500000000004
0 0.09140625000000001 0.4765625 0.026562500000000003 0.034375
0 0.115625 0.5046875000000001 0.028125 0.03125
0 0.259375 0.49453125000000003 0.021875000000000002 0.026562500000000003
0 0.5984375000000001 0.42812500000000003 0.028125 0.028125
0 0.88203125 0.3515625 0.0421875 0.043750000000000004
0 0.53125 0.6046875 0.028125 0.028125
0 0.83203125 0.59921875 0.029687500000000002 0.0328125
0 0.7953125000000001 0.62109375 0.034375 0.0328125
0 0.78828125 0.6625000000000001 0.0390625 0.03125
0 0.7953125000000001 0.6984375 0.053125000000000006 0.025
0 0.9015625 0.68515625 0.03125 0.035937500000000004
0 0.9085937500000001 0.8140625 0.0328125 0.03125
0 0.98046875 0.8031250000000001 0.029687500000000002 0.03125
0 0.96484375 0.721875 0.026562500000000003 0.028125
0 0.9421875000000001 0.7484375000000001 0.021875000000000002 0.025
0 0.9382812500000001 0.7671875 0.0390625 0.040625
