0 0.026562500000000003 0.5320312500000001 0.034375 0.0421875
0 0.021875000000000002 0.6117187500000001 0.03125 0.029687500000000002
0 0.05625 0.5875 0.028125 0.05
0 0.08671875000000001 0.6257812500000001 0.026562500000000003 0.0234375
0 0.775 0.71484375 0.028125 0.0390625
0 0.9437500000000001 0.6234375000000001 0.046875 0.034375
0 0.9851562500000001 0.63828125 0.029687500000000002 0.045312500000000006
0 0.48515625 0.35078125000000004 0.0328125 0.045312500000000006
0 0.19296875000000002 0.37031250000000004 0.0234375 0.040625
0 0.46406250000000004 0.38515625000000003 0.028125 0.029687500000000002
0 0.24609375 0.24296875 0.026562500000000003 0.0421875
0 0.92734375 0.23984375000000002 0.026562500000000003 0.026562500000000003
0 0.9851562500000001 0.14765625000000002 0.026562500000000003 0.029687500000000002
0 0.9500000000000001 0.1703125 0.028125 0.028125
0 0.9539062500000001 0.2 0.0390625 0.03125
0 0.98984375 0.23203125000000002 0.0203125 0.026562500000000003
