0 0.09062500000000001 0.5734375 0.025 0.034375
0 0.11484375000000001 0.6023437500000001 0.029687500000000002 0.029687500000000002
0 0.2578125 0.5906250000000001 0.025 0.028125
0 0.5984375000000001 0.51328125 0.034375 0.045312500000000006
0 0.88203125 0.44453125000000004 0.0390625 0.0421875
0 0.53125 0.69921875 0.028125 0.029687500000000002
0 0.8296875 0.6898437500000001 0.03125 0.035937500000000004
0 0.7937500000000001 0.7171875000000001 0.034375 0.034375
0 0.78828125 0.7578125 0.0390625 0.03125
0 0.8984375 0.7890625 0.03125 0.03125
0 0.9617187500000001 0.8148437500000001 0.029687500000000002 0.026562500000000003
0 0.94453125 0.84140625 0.026562500000000003 0.029687500000000002
0 0.9398437500000001 0.8601562500000001 0.0421875 0.035937500000000004
0 0.9812500000000001 0.88984375 0.028125 0.0203125
