0 0.47265625 0.5671875000000001 0.0171875 0.034375
0 0.24140625000000002 0.15390625000000002 0.0546875 0.035937500000000004
0 0.0734375 0.22265625 0.028125 0.0390625
0 0.10234375000000001 0.22187500000000002 0.0328125 0.034375
0 0.07968750000000001 0.31015625 0.028125 0.026562500000000003
0 0.18984375 0.2859375 0.026562500000000003 0.028125
0 0.34296875000000004 0.265625 0.0234375 0.037500000000000006
0 0.47187500000000004 0.29296875 0.028125 0.0328125
0 0.29609375 0.3796875 0.0171875 0.015625
0 0.30390625000000004 0.39921875 0.0140625 0.0234375
0 0.32109375 0.3984375 0.0140625 0.018750000000000003
0 0.42890625000000004 0.15703125 0.0203125 0.029687500000000002
0 0.4625 0.15781250000000002 0.03125 0.028125
