0 0.46875 0.78125 0.0125 0.03125
0 0.06640625 0.5085937500000001 0.026562500000000003 0.026562500000000003
0 0.0734375 0.42812500000000003 0.03125 0.037500000000000006
0 0.10390625 0.4265625 0.0328125 0.037500000000000006
0 0.18984375 0.4921875 0.0234375 0.025
0 0.1625 0.37265625 0.05 0.0328125
0 0.2390625 0.35703125 0.053125000000000006 0.035937500000000004
0 0.34140625 0.4734375 0.0234375 0.037500000000000006
0 0.46875 0.5007812500000001 0.028125 0.035937500000000004
0 0.42421875000000003 0.36875 0.0203125 0.025
0 0.4578125 0.36562500000000003 0.034375 0.028125
0 0.29609375 0.5867187500000001 0.0171875 0.0171875
0 0.30078125 0.6046875 0.0140625 0.025
0 0.32109375 0.6039062500000001 0.0203125 0.0203125
0 0.58984375 0.28828125 0.0171875 0.026562500000000003
