0 0.2671875 0.74375 0.021875000000000002 0.03125
0 0.28359375000000003 0.7507812500000001 0.0234375 0.029687500000000002
0 0.3015625 0.75546875 0.018750000000000003 0.029687500000000002
0 0.259375 0.56171875 0.025 0.026562500000000003
0 0.27421875 0.45156250000000003 0.029687500000000002 0.03125
0 0.37109375 0.48203125 0.0234375 0.0234375
0 0.31484375000000003 0.18281250000000002 0.026562500000000003 0.021875000000000002
0 0.32265625000000003 0.15234375 0.0234375 0.029687500000000002
0 0.059375000000000004 0.64453125 0.025 0.0234375
0 0.049218750000000006 0.6843750000000001 0.045312500000000006 0.03125
