0 0.4734375 0.6921875000000001 0.0125 0.034375
0 0.07421875 0.34218750000000003 0.026562500000000003 0.037500000000000006
0 0.1046875 0.34296875000000004 0.034375 0.0390625
0 0.0734375 0.42734375 0.028125 0.0328125
0 0.19296875000000002 0.4078125 0.0234375 0.025
0 0.34375 0.38671875 0.025 0.0390625
0 0.47187500000000004 0.41250000000000003 0.028125 0.034375
0 0.16484375 0.28750000000000003 0.0484375 0.037500000000000006
0 0.240625 0.27265625 0.053125000000000006 0.035937500000000004
0 0.42734375 0.28046875 0.0203125 0.026562500000000003
0 0.46171875 0.28125 0.0328125 0.028125
0 0.6000000000000001 0.1921875 0.015625 0.021875000000000002
