0 0.2921875 0.7562500000000001 0.015625 0.018750000000000003
0 0.29609375 0.7765625 0.0140625 0.025
0 0.31171875000000004 0.77734375 0.0171875 0.026562500000000003
0 0.46328125000000003 0.66953125 0.029687500000000002 0.0390625
0 0.3375 0.6421875 0.021875000000000002 0.040625
0 0.18671875000000002 0.66328125 0.0234375 0.026562500000000003
0 0.05390625 0.66953125 0.029687500000000002 0.026562500000000003
0 0.0703125 0.59296875 0.028125 0.035937500000000004
0 0.09765625 0.59609375 0.029687500000000002 0.035937500000000004
0 0.14921875 0.53671875 0.0484375 0.029687500000000002
0 0.23515625 0.5265625 0.051562500000000004 0.034375
0 0.42031250000000003 0.5375 0.021875000000000002 0.028125
0 0.45390625 0.5320312500000001 0.0328125 0.026562500000000003
0 0.35625 0.16562500000000002 0.021875000000000002 0.025
0 0.58046875 0.4609375 0.0234375 0.021875000000000002
