0 0.03515625 0.8304687500000001 0.026562500000000003 0.026562500000000003
0 0.06171875 0.7585937500000001 0.026562500000000003 0.0421875
0 0.0921875 0.7585937500000001 0.03125 0.035937500000000004
0 0.12421875 0.7039062500000001 0.045312500000000006 0.026562500000000003
0 0.22890625 0.6960937500000001 0.051562500000000004 0.0390625
0 0.17734375000000002 0.83203125 0.026562500000000003 0.029687500000000002
0 0.32734375000000004 0.81171875 0.026562500000000003 0.0390625
0 0.41171875 0.7093750000000001 0.0203125 0.03125
0 0.4453125 0.7054687500000001 0.037500000000000006 0.029687500000000002
0 0.45390625 0.84296875 0.029687500000000002 0.035937500000000004
0 0.3671875 0.359375 0.021875000000000002 0.034375
0 0.56796875 0.63828125 0.0171875 0.026562500000000003
