0 0.47421875 0.50390625 0.0171875 0.035937500000000004
0 0.06875 0.15859375 0.028125 0.0390625
0 0.1 0.1609375 0.03125 0.034375
0 0.07890625000000001 0.2515625 0.026562500000000003 0.028125
0 0.18906250000000002 0.22421875000000002 0.025 0.026562500000000003
0 0.16171875000000002 0.1125 0.0546875 0.025
0 0.34140625 0.20390625 0.029687500000000002 0.0421875
0 0.47109375000000003 0.23046875 0.029687500000000002 0.035937500000000004
0 0.296875 0.3171875 0.015625 0.018750000000000003
0 0.3015625 0.33828125000000003 0.015625 0.0234375
0 0.31953125000000004 0.3359375 0.0171875 0.018750000000000003
