0 0.060937500000000006 0.84375 0.028125 0.037500000000000006
0 0.08750000000000001 0.84375 0.03125 0.037500000000000006
0 0.11328125 0.78515625 0.0484375 0.029687500000000002
0 0.22578125000000002 0.775 0.0546875 0.037500000000000006
0 0.32578125 0.8890625000000001 0.0234375 0.021875000000000002
0 0.41015625 0.7914062500000001 0.0234375 0.0328125
0 0.4421875 0.7859375000000001 0.034375 0.028125
0 0.565625 0.72421875 0.015625 0.026562500000000003
0 0.37421875000000004 0.4609375 0.0203125 0.03125
0 0.2765625 0.12890625 0.018750000000000003 0.0203125
