0 0.465625 0.86484375 0.015625 0.029687500000000002
0 0.29453125 0.671875 0.0171875 0.018750000000000003
0 0.29921875000000003 0.6882812500000001 0.0140625 0.026562500000000003
0 0.31484375000000003 0.68671875 0.0203125 0.0203125
0 0.07265625 0.51015625 0.026562500000000003 0.0390625
0 0.06015625 0.5906250000000001 0.026562500000000003 0.028125
0 0.10234375000000001 0.51015625 0.029687500000000002 0.0390625
0 0.18828125 0.5789062500000001 0.0234375 0.026562500000000003
0 0.15859375 0.4546875 0.051562500000000004 0.03125
0 0.23828125 0.44140625 0.0546875 0.035937500000000004
0 0.33906250000000004 0.5554687500000001 0.025 0.0421875
0 0.465625 0.5859375 0.03125 0.034375
0 0.421875 0.45234375000000004 0.018750000000000003 0.026562500000000003
0 0.45625000000000004 0.44921875 0.03125 0.026562500000000003
0 0.58515625 0.37343750000000003 0.0171875 0.025
