0 0.28828125 0.8406250000000001 0.0171875 0.018750000000000003
0 0.2921875 0.859375 0.015625 0.025
0 0.30703125000000003 0.8601562500000001 0.0171875 0.029687500000000002
0 0.04296875 0.75 0.0234375 0.028125
0 0.0671875 0.67578125 0.025 0.0390625
0 0.096875 0.67578125 0.03125 0.0390625
0 0.13515625 0.62109375 0.0484375 0.026562500000000003
0 0.23203125000000002 0.61328125 0.0546875 0.0328125
0 0.18203125 0.74609375 0.0234375 0.026562500000000003
0 0.33203125 0.7265625 0.0234375 0.040625
0 0.41640625000000003 0.62265625 0.0171875 0.026562500000000003
0 0.44921875 0.6171875 0.0328125 0.028125
0 0.45859375 0.7578125 0.0328125 0.034375
0 0.36328125 0.26640625 0.0234375 0.026562500000000003
0 0.57578125 0.5484375 0.026562500000000003 0.028125
