0 0.0734375 0.72421875 0.021875000000000002 0.0203125
0 0.09140625000000001 0.73203125 0.0234375 0.0234375
0 0.09062500000000001 0.7734375 0.028125 0.025
0 0.12187500000000001 0.7523437500000001 0.018750000000000003 0.0234375
0 0.15390625000000002 0.7195312500000001 0.026562500000000003 0.0203125
0 0.178125 0.7523437500000001 0.015625 0.0203125
0 0.24765625000000002 0.71796875 0.0234375 0.0203125
0 0.29609375 0.7078125000000001 0.0234375 0.025
0 0.80390625 0.40078125000000003 0.0234375 0.0328125
0 0.80859375 0.42812500000000003 0.0203125 0.021875000000000002
