0 0.030468750000000003 0.5453125 0.0234375 0.025
0 0.0703125 0.55703125 0.021875000000000002 0.0171875
0 0.08515625 0.603125 0.026562500000000003 0.021875000000000002
0 0.0890625 0.5632812500000001 0.028125 0.0171875
0 0.12109375 0.57421875 0.0203125 0.0234375
0 0.15078125 0.55078125 0.026562500000000003 0.0203125
0 0.20078125000000002 0.51015625 0.0203125 0.0171875
0 0.17421875 0.5875 0.0203125 0.025
0 0.24531250000000002 0.55078125 0.018750000000000003 0.0171875
0 0.29140625000000003 0.54140625 0.0203125 0.0203125
0 0.8093750000000001 0.22890625 0.015625 0.026562500000000003
0 0.39921875 0.39921875 0.0203125 0.0171875
