0 0.07500000000000001 0.80859375 0.021875000000000002 0.0234375
0 0.09140625000000001 0.8148437500000001 0.0234375 0.0234375
0 0.08828125 0.8601562500000001 0.026562500000000003 0.0203125
0 0.1203125 0.8367187500000001 0.021875000000000002 0.0234375
0 0.153125 0.8054687500000001 0.028125 0.0234375
0 0.1765625 0.8375 0.018750000000000003 0.021875000000000002
0 0.2484375 0.8031250000000001 0.018750000000000003 0.021875000000000002
0 0.296875 0.7937500000000001 0.021875000000000002 0.021875000000000002
0 0.80234375 0.4921875 0.026562500000000003 0.03125
0 0.8078125 0.51875 0.018750000000000003 0.021875000000000002
