0 0.03515625 0.6296875000000001 0.0203125 0.03125
0 0.07265625 0.6390625000000001 0.0234375 0.018750000000000003
0 0.08828125 0.6843750000000001 0.0171875 0.025
0 0.12109375 0.66015625 0.0203125 0.0234375
0 0.15156250000000002 0.6312500000000001 0.028125 0.018750000000000003
0 0.09453125000000001 0.6414062500000001 0.0171875 0.0171875
0 0.1765625 0.6687500000000001 0.018750000000000003 0.021875000000000002
0 0.24609375 0.63046875 0.0234375 0.0203125
0 0.29453125 0.6218750000000001 0.0203125 0.021875000000000002
0 0.8070312500000001 0.3125 0.0203125 0.03125
