0 0.11953125 0.7273437500000001 0.0328125 0.0234375
0 0.16640625 0.728125 0.0203125 0.025
0 0.21171875 0.7250000000000001 0.026562500000000003 0.025
0 0.27187500000000003 0.71484375 0.025 0.0203125
0 0.321875 0.7265625 0.021875000000000002 0.025
0 0.39375000000000004 0.7351562500000001 0.021875000000000002 0.0203125
0 0.11796875000000001 0.7914062500000001 0.0328125 0.0234375
0 0.209375 0.7898437500000001 0.021875000000000002 0.026562500000000003
0 0.3171875 0.8 0.021875000000000002 0.021875000000000002
0 0.3921875 0.8 0.021875000000000002 0.025
0 0.4390625 0.8070312500000001 0.018750000000000003 0.0234375
0 0.31093750000000003 0.8562500000000001 0.021875000000000002 0.025
0 0.39687500000000003 0.85859375 0.021875000000000002 0.026562500000000003
0 0.44140625 0.86484375 0.0203125 0.0234375
0 0.57578125 0.62265625 0.029687500000000002 0.026562500000000003
0 0.5828125000000001 0.6703125000000001 0.018750000000000003 0.040625
