0 0.12187500000000001 0.7046875 0.028125 0.025
0 0.16953125000000002 0.7046875 0.0203125 0.021875000000000002
0 0.21484375 0.70234375 0.026562500000000003 0.026562500000000003
0 0.27421875 0.69140625 0.0234375 0.0203125
0 0.32578125 0.7015625000000001 0.0203125 0.028125
0 0.39687500000000003 0.71015625 0.025 0.0203125
0 0.2109375 0.76328125 0.025 0.026562500000000003
0 0.31875000000000003 0.775 0.021875000000000002 0.021875000000000002
0 0.39609375 0.775 0.0203125 0.021875000000000002
0 0.44375000000000003 0.78125 0.018750000000000003 0.021875000000000002
0 0.31484375000000003 0.8304687500000001 0.0203125 0.0234375
0 0.39921875 0.8343750000000001 0.0234375 0.021875000000000002
0 0.44375000000000003 0.8382812500000001 0.018750000000000003 0.0234375
0 0.5789062500000001 0.596875 0.026562500000000003 0.025
0 0.58125 0.6429687500000001 0.018750000000000003 0.0390625
