0 0.6765625000000001 0.65625 0.025 0.028125
0 0.1328125 0.14921875 0.043750000000000004 0.0328125
0 0.22578125000000002 0.140625 0.0484375 0.034375
0 0.290625 0.1234375 0.05625 0.037500000000000006
0 0.34375 0.1375 0.053125000000000006 0.025
0 0.41640625000000003 0.1484375 0.045312500000000006 0.028125
0 0.28828125 0.2171875 0.045312500000000006 0.03125
0 0.33828125000000003 0.21406250000000002 0.0484375 0.028125
0 0.41484375 0.21250000000000002 0.035937500000000004 0.028125
0 0.4625 0.21875 0.028125 0.028125
