0 0.6781250000000001 0.78515625 0.025 0.026562500000000003
0 0.12890625 0.2765625 0.035937500000000004 0.03125
0 0.22031250000000002 0.26796875000000003 0.034375 0.0328125
0 0.28359375000000003 0.2546875 0.0203125 0.03125
0 0.33671875 0.26015625000000003 0.0203125 0.0171875
0 0.3296875 0.340625 0.043750000000000004 0.028125
0 0.278125 0.34296875000000004 0.018750000000000003 0.0328125
0 0.3296875 0.39609375 0.037500000000000006 0.0203125
0 0.41171875 0.39375000000000004 0.026562500000000003 0.018750000000000003
0 0.40625 0.2734375 0.046875 0.028125
0 0.40937500000000004 0.33359375 0.021875000000000002 0.026562500000000003
0 0.453125 0.33828125000000003 0.040625 0.029687500000000002
0 0.58984375 0.14921875 0.0234375 0.029687500000000002
0 0.59609375 0.19765625 0.0171875 0.0421875
