0 0.1203125 0.5671875000000001 0.037500000000000006 0.03125
0 0.17265625 0.5640625 0.029687500000000002 0.028125
0 0.21484375 0.5640625 0.029687500000000002 0.034375
0 0.27890625 0.5484375 0.035937500000000004 0.028125
0 0.33203125 0.5632812500000001 0.0328125 0.029687500000000002
0 0.40078125000000003 0.57265625 0.0234375 0.0328125
0 0.325 0.63671875 0.021875000000000002 0.0328125
0 0.3984375 0.6335937500000001 0.034375 0.029687500000000002
0 0.446875 0.6351562500000001 0.03125 0.0234375
0 0.31953125000000004 0.6882812500000001 0.029687500000000002 0.0234375
0 0.40468750000000003 0.6890625 0.028125 0.025
0 0.446875 0.6960937500000001 0.037500000000000006 0.026562500000000003
0 0.5789062500000001 0.44843750000000004 0.029687500000000002 0.025
0 0.584375 0.49531250000000004 0.018750000000000003 0.040625
