0 0.11953125 0.41640625000000003 0.035937500000000004 0.0234375
0 0.17109375000000002 0.41328125000000004 0.029687500000000002 0.0328125
0 0.21015625000000002 0.4078125 0.029687500000000002 0.028125
0 0.275 0.3921875 0.046875 0.025
0 0.32734375000000004 0.40625 0.026562500000000003 0.025
0 0.3953125 0.41796875 0.028125 0.029687500000000002
0 0.32265625000000003 0.48281250000000003 0.0203125 0.03125
0 0.39687500000000003 0.47968750000000004 0.034375 0.028125
0 0.3171875 0.53515625 0.021875000000000002 0.026562500000000003
0 0.446875 0.48984375 0.03125 0.0328125
0 0.40078125000000003 0.54140625 0.0234375 0.0328125
0 0.44609375 0.5453125 0.0203125 0.025
0 0.58125 0.29375 0.028125 0.028125
0 0.5859375 0.34375 0.015625 0.046875
