0 0.12812500000000002 0.6375000000000001 0.021875000000000002 0.021875000000000002
0 0.17578125 0.63671875 0.0234375 0.0234375
0 0.2171875 0.63203125 0.021875000000000002 0.0234375
0 0.278125 0.61875 0.018750000000000003 0.018750000000000003
0 0.3296875 0.63203125 0.021875000000000002 0.0203125
0 0.22031250000000002 0.69296875 0.025 0.0234375
0 0.32578125 0.7015625000000001 0.0203125 0.021875000000000002
0 0.40078125000000003 0.63828125 0.0203125 0.0203125
0 0.40078125000000003 0.70234375 0.0203125 0.0203125
0 0.44843750000000004 0.7140625 0.034375 0.03125
0 0.3203125 0.7585937500000001 0.021875000000000002 0.0203125
0 0.40468750000000003 0.7640625000000001 0.025 0.03125
0 0.45 0.7679687500000001 0.03125 0.0203125
0 0.58046875 0.521875 0.026562500000000003 0.028125
0 0.5859375 0.56953125 0.018750000000000003 0.045312500000000006
