0 0.67734375 0.8609375 0.029687500000000002 0.034375
0 0.1234375 0.3515625 0.028125 0.03125
0 0.215625 0.3484375 0.021875000000000002 0.040625
0 0.27734375 0.32421875 0.029687500000000002 0.026562500000000003
0 0.33125000000000004 0.340625 0.018750000000000003 0.03125
0 0.32734375000000004 0.41484375 0.0171875 0.029687500000000002
0 0.321875 0.46875 0.025 0.028125
0 0.4 0.353125 0.03125 0.037500000000000006
0 0.40156250000000004 0.40937500000000004 0.025 0.025
0 0.44765625000000003 0.41328125000000004 0.0390625 0.0203125
0 0.403125 0.46718750000000003 0.03125 0.018750000000000003
0 0.453125 0.47265625 0.037500000000000006 0.0234375
0 0.584375 0.22265625 0.028125 0.029687500000000002
0 0.5921875 0.26953125 0.015625 0.045312500000000006
