0 0.11875000000000001 0.48984375 0.040625 0.0234375
0 0.16875 0.48671875000000003 0.040625 0.029687500000000002
0 0.21171875 0.484375 0.0328125 0.03125
0 0.278125 0.46718750000000003 0.053125000000000006 0.021875000000000002
0 0.33046875000000003 0.48203125 0.0328125 0.0234375
0 0.39765625000000004 0.49140625000000004 0.0234375 0.0328125
0 0.32265625000000003 0.55625 0.0203125 0.028125
0 0.3984375 0.553125 0.043750000000000004 0.028125
0 0.44453125000000004 0.55859375 0.026562500000000003 0.0234375
0 0.31796875 0.6078125000000001 0.026562500000000003 0.025
0 0.40546875000000004 0.609375 0.0328125 0.025
0 0.446875 0.62109375 0.018750000000000003 0.0328125
0 0.5789062500000001 0.36796875 0.029687500000000002 0.029687500000000002
0 0.5859375 0.41718750000000004 0.015625 0.043750000000000004
