0 0.67734375 0.73359375 0.026562500000000003 0.0328125
0 0.1296875 0.22812500000000002 0.053125000000000006 0.03125
0 0.22421875000000002 0.22031250000000002 0.045312500000000006 0.03125
0 0.28671875 0.20546875 0.035937500000000004 0.026562500000000003
0 0.33906250000000004 0.21250000000000002 0.034375 0.021875000000000002
0 0.28125 0.29140625000000003 0.025 0.0328125
0 0.33359375 0.29296875 0.051562500000000004 0.029687500000000002
0 0.4109375 0.225 0.05 0.028125
0 0.4109375 0.28750000000000003 0.037500000000000006 0.028125
0 0.33515625000000004 0.34609375000000003 0.0328125 0.0203125
0 0.41328125000000004 0.34687500000000004 0.026562500000000003 0.021875000000000002
0 0.45937500000000003 0.2921875 0.05 0.021875000000000002
