0 0.28046875 0.8382812500000001 0.0171875 0.0203125
0 0.26484375 0.8609375 0.0203125 0.018750000000000003
0 0.2578125 0.88046875 0.018750000000000003 0.0203125
0 0.28515625 0.88828125 0.0234375 0.0234375
0 0.4109375 0.8851562500000001 0.018750000000000003 0.0234375
0 0.10312500000000001 0.59765625 0.025 0.026562500000000003
0 0.14296875 0.61640625 0.0203125 0.0234375
0 0.28515625 0.60546875 0.0203125 0.0234375
0 0.24375000000000002 0.56484375 0.025 0.0234375
0 0.28515625 0.5710937500000001 0.0203125 0.0203125
0 0.31093750000000003 0.565625 0.018750000000000003 0.021875000000000002
0 0.31328125 0.58515625 0.0171875 0.0203125
0 0.48125 0.67578125 0.028125 0.029687500000000002
0 0.4890625 0.7000000000000001 0.018750000000000003 0.021875000000000002
0 0.78125 0.65 0.028125 0.053125000000000006
0 0.8375 0.63671875 0.025 0.0578125
0 0.87109375 0.64609375 0.0328125 0.0578125
0 0.9242187500000001 0.6390625000000001 0.026562500000000003 0.046875
0 0.7835937500000001 0.69453125 0.029687500000000002 0.0484375
0 0.71796875 0.72578125 0.035937500000000004 0.0421875
0 0.7132812500000001 0.81015625 0.0234375 0.0546875
0 0.8304687500000001 0.6937500000000001 0.0234375 0.059375000000000004
0 0.8671875 0.696875 0.028125 0.059375000000000004
0 0.921875 0.69296875 0.03125 0.0546875
0 0.7875000000000001 0.7562500000000001 0.021875000000000002 0.05
0 0.875 0.7523437500000001 0.03125 0.0421875
0 0.9242187500000001 0.7546875000000001 0.0234375 0.043750000000000004
0 0.8304687500000001 0.8093750000000001 0.026562500000000003 0.040625
0 0.8835937500000001 0.8171875000000001 0.026562500000000003 0.0625
0 0.9359375000000001 0.8171875000000001 0.028125 0.05625
0 0.83984375 0.8812500000000001 0.029687500000000002 0.034375
0 0.88671875 0.87421875 0.0203125 0.0484375
0 0.83203125 0.7523437500000001 0.035937500000000004 0.029687500000000002
0 0.9265625000000001 0.878125 0.025 0.040625
