0 0.11171875 0.7546875000000001 0.0234375 0.03125
0 0.28125 0.81015625 0.034375 0.0390625
0 0.21406250000000002 0.88046875 0.021875000000000002 0.035937500000000004
0 0.36796875 0.8671875 0.0203125 0.034375
0 0.34765625 0.80234375 0.0203125 0.0328125
0 0.31796875 0.7000000000000001 0.026562500000000003 0.034375
0 0.32265625000000003 0.66171875 0.0171875 0.026562500000000003
0 0.9421875000000001 0.6117187500000001 0.037500000000000006 0.029687500000000002
0 0.9765625 0.5390625 0.03125 0.034375
0 0.69921875 0.1609375 0.0234375 0.028125
0 0.71796875 0.15859375 0.0203125 0.026562500000000003
