0 0.69296875 0.56484375 0.0234375 0.0328125
0 0.7117187500000001 0.56015625 0.0203125 0.029687500000000002
0 0.24296875 0.44062500000000004 0.0203125 0.021875000000000002
0 0.253125 0.4296875 0.021875000000000002 0.021875000000000002
0 0.35781250000000003 0.41171875 0.043750000000000004 0.0203125
0 0.21484375 0.278125 0.0203125 0.034375
0 0.45156250000000003 0.25390625 0.025 0.0203125
0 0.45234375000000004 0.27265625 0.026562500000000003 0.0203125
0 0.45234375000000004 0.29453125 0.029687500000000002 0.026562500000000003
0 0.2625 0.15625 0.021875000000000002 0.025
0 0.27890625 0.19453125000000002 0.0234375 0.0328125
0 0.41171875 0.1875 0.0234375 0.021875000000000002
0 0.28359375000000003 0.134375 0.0234375 0.028125
0 0.259375 0.18046875 0.021875000000000002 0.0203125
0 0.7914062500000001 0.23359375000000002 0.026562500000000003 0.0578125
0 0.72265625 0.11875000000000001 0.0203125 0.037500000000000006
0 0.8382812500000001 0.12890625 0.029687500000000002 0.0546875
0 0.8914062500000001 0.12890625 0.0328125 0.0578125
