0 0.6921875000000001 0.7132812500000001 0.025 0.0328125
0 0.70859375 0.7125 0.0203125 0.028125
0 0.21171875 0.434375 0.0203125 0.034375
0 0.24453125 0.59765625 0.0203125 0.0203125
0 0.25625000000000003 0.5859375 0.03125 0.021875000000000002
0 0.35625 0.56796875 0.043750000000000004 0.0203125
0 0.27734375 0.353125 0.026562500000000003 0.028125
0 0.2578125 0.33437500000000003 0.021875000000000002 0.021875000000000002
0 0.2609375 0.3140625 0.021875000000000002 0.018750000000000003
0 0.28125 0.28750000000000003 0.021875000000000002 0.025
0 0.44843750000000004 0.41015625 0.025 0.0203125
0 0.44921875 0.42421875000000003 0.0234375 0.0203125
0 0.45078125 0.44921875 0.029687500000000002 0.0234375
0 0.42890625000000004 0.16015625 0.026562500000000003 0.0234375
0 0.78828125 0.38671875 0.0234375 0.051562500000000004
0 0.4921875 0.16015625 0.018750000000000003 0.0203125
0 0.84765625 0.34375 0.0390625 0.034375
0 0.7156250000000001 0.26484375 0.025 0.060937500000000006
0 0.8375 0.27968750000000003 0.028125 0.059375000000000004
0 0.88828125 0.27890625 0.026562500000000003 0.0671875
0 0.9398437500000001 0.28046875 0.029687500000000002 0.0546875
0 0.71796875 0.18984375 0.029687500000000002 0.06406250000000001
0 0.7875000000000001 0.22031250000000002 0.028125 0.05625
0 0.8296875 0.21640625000000002 0.043750000000000004 0.051562500000000004
0 0.88203125 0.21953125 0.029687500000000002 0.060937500000000006
0 0.93359375 0.21953125 0.0328125 0.051562500000000004
0 0.7875000000000001 0.15859375 0.028125 0.0484375
0 0.83515625 0.14921875 0.026562500000000003 0.06406250000000001
0 0.8765625 0.1546875 0.028125 0.059375000000000004
0 0.93125 0.15546875000000002 0.034375 0.060937500000000006
0 0.7890625 0.115625 0.028125 0.034375
0 0.87890625 0.11796875000000001 0.0328125 0.035937500000000004
