0 0.6890625 0.8656250000000001 0.021875000000000002 0.034375
0 0.70703125 0.8625 0.0203125 0.034375
0 0.21171875 0.5906250000000001 0.0171875 0.03125
0 0.24453125 0.75390625 0.0203125 0.0234375
0 0.26953125 0.7429687500000001 0.0234375 0.026562500000000003
0 0.35703125 0.7203125 0.0421875 0.018750000000000003
0 0.446875 0.5632812500000001 0.028125 0.0203125
0 0.44765625000000003 0.5789062500000001 0.0234375 0.0203125
0 0.45078125 0.603125 0.035937500000000004 0.028125
0 0.2546875 0.49531250000000004 0.021875000000000002 0.025
0 0.27734375 0.5046875000000001 0.026562500000000003 0.03125
0 0.41015625 0.49843750000000003 0.0203125 0.025
0 0.26015625000000003 0.47109375000000003 0.0203125 0.0171875
0 0.27968750000000003 0.446875 0.021875000000000002 0.021875000000000002
0 0.1203125 0.19296875000000002 0.025 0.0203125
0 0.12578125 0.24609375 0.026562500000000003 0.0234375
0 0.1421875 0.21953125 0.021875000000000002 0.026562500000000003
0 0.21328125 0.16718750000000002 0.0203125 0.028125
0 0.28750000000000003 0.21484375 0.021875000000000002 0.026562500000000003
0 0.2890625 0.18046875 0.018750000000000003 0.026562500000000003
0 0.3125 0.17421875 0.018750000000000003 0.026562500000000003
0 0.3140625 0.19296875000000002 0.018750000000000003 0.0203125
0 0.44375000000000003 0.31015625 0.025 0.026562500000000003
0 0.4890625 0.31484375000000003 0.021875000000000002 0.0234375
0 0.78515625 0.26406250000000003 0.029687500000000002 0.05625
0 0.83984375 0.2484375 0.0234375 0.05625
0 0.8757812500000001 0.2578125 0.0328125 0.0625
0 0.9296875 0.259375 0.034375 0.0625
0 0.7171875000000001 0.34453125 0.034375 0.0671875
0 0.7859375000000001 0.31015625 0.028125 0.0546875
0 0.8343750000000001 0.30312500000000003 0.025 0.059375000000000004
0 0.87265625 0.31093750000000003 0.029687500000000002 0.0625
0 0.9265625000000001 0.31484375000000003 0.03125 0.0484375
0 0.7171875000000001 0.421875 0.025 0.05625
0 0.7890625 0.37109375 0.025 0.0484375
0 0.8343750000000001 0.37109375 0.037500000000000006 0.045312500000000006
0 0.8796875000000001 0.37421875000000004 0.03125 0.0578125
0 0.92890625 0.37265625 0.026562500000000003 0.051562500000000004
0 0.83515625 0.434375 0.026562500000000003 0.059375000000000004
0 0.8875000000000001 0.434375 0.028125 0.059375000000000004
0 0.9375 0.434375 0.034375 0.05625
0 0.784375 0.54296875 0.028125 0.0578125
0 0.84375 0.5007812500000001 0.037500000000000006 0.0421875
0 0.8890625000000001 0.5007812500000001 0.025 0.06406250000000001
0 0.9320312500000001 0.5007812500000001 0.029687500000000002 0.051562500000000004
