0 0.35625 0.8703125 0.040625 0.018750000000000003
0 0.21171875 0.7445312500000001 0.0203125 0.029687500000000002
0 0.4453125 0.7156250000000001 0.025 0.018750000000000003
0 0.44453125000000004 0.73203125 0.0234375 0.0203125
0 0.44843750000000004 0.7546875000000001 0.03125 0.028125
0 0.278125 0.6570312500000001 0.025 0.029687500000000002
0 0.2546875 0.64609375 0.021875000000000002 0.0203125
0 0.2609375 0.6296875000000001 0.025 0.018750000000000003
0 0.27890625 0.60078125 0.0234375 0.026562500000000003
0 0.12421875 0.33671875 0.0203125 0.0234375
0 0.11015625000000001 0.3921875 0.0234375 0.025
0 0.1390625 0.38203125000000004 0.021875000000000002 0.026562500000000003
0 0.2234375 0.32578125 0.021875000000000002 0.0234375
0 0.28203125 0.37343750000000003 0.0203125 0.025
0 0.28359375000000003 0.3359375 0.0203125 0.021875000000000002
0 0.31093750000000003 0.3296875 0.018750000000000003 0.021875000000000002
0 0.309375 0.34765625 0.018750000000000003 0.0203125
0 0.45625000000000004 0.45859375 0.028125 0.026562500000000003
0 0.78125 0.41640625000000003 0.028125 0.0546875
0 0.8359375 0.40234375 0.025 0.0546875
0 0.8718750000000001 0.41250000000000003 0.03125 0.0625
0 0.9265625000000001 0.41484375 0.034375 0.06406250000000001
0 0.71484375 0.496875 0.0328125 0.06875
0 0.7835937500000001 0.46718750000000003 0.026562500000000003 0.05
0 0.8289062500000001 0.45937500000000003 0.029687500000000002 0.0625
0 0.86875 0.46328125000000003 0.028125 0.060937500000000006
0 0.92109375 0.46718750000000003 0.0328125 0.05
0 0.78046875 0.5234375 0.0328125 0.05625
0 0.83203125 0.51953125 0.029687500000000002 0.0578125
0 0.8765625 0.525 0.028125 0.05
0 0.9265625000000001 0.5234375 0.03125 0.046875
0 0.7140625 0.5765625 0.025 0.0625
0 0.88203125 0.59140625 0.029687500000000002 0.051562500000000004
0 0.83203125 0.58984375 0.029687500000000002 0.0578125
0 0.93515625 0.58828125 0.0328125 0.0578125
0 0.8406250000000001 0.6546875000000001 0.034375 0.046875
0 0.8890625000000001 0.6484375 0.021875000000000002 0.05625
0 0.9265625000000001 0.65234375 0.028125 0.0484375
0 0.78125 0.6953125 0.028125 0.05
0 0.83515625 0.703125 0.026562500000000003 0.046875
0 0.8835937500000001 0.69921875 0.0234375 0.051562500000000004
0 0.93671875 0.696875 0.026562500000000003 0.046875
