0 0.9640625 0.875 0.021875000000000002 0.025
0 0.971875 0.85546875 0.021875000000000002 0.026562500000000003
0 0.6953125 0.48828125 0.025 0.035937500000000004
0 0.7140625 0.4859375 0.021875000000000002 0.03125
0 0.24453125 0.36562500000000003 0.0234375 0.018750000000000003
0 0.24921875000000002 0.35078125000000004 0.0234375 0.0234375
0 0.7937500000000001 0.15703125 0.025 0.051562500000000004
0 0.8515625 0.15937500000000002 0.028125 0.040625
0 0.45156250000000003 0.1765625 0.025 0.025
0 0.45078125 0.19453125000000002 0.0234375 0.0203125
0 0.35703125 0.33671875 0.045312500000000006 0.0234375
0 0.21406250000000002 0.20234375000000002 0.018750000000000003 0.035937500000000004
0 0.453125 0.21796875000000002 0.03125 0.029687500000000002
0 0.27968750000000003 0.11953125 0.025 0.0390625
0 0.41484375 0.11171875 0.0171875 0.0234375
