0 0.35234375 0.828125 0.026562500000000003 0.021875000000000002
0 0.09062500000000001 0.275 0.03125 0.025
0 0.20703125 0.42421875000000003 0.0234375 0.026562500000000003
0 0.36484375 0.40468750000000003 0.0203125 0.021875000000000002
0 0.275 0.33437500000000003 0.034375 0.037500000000000006
0 0.31015625 0.23828125 0.026562500000000003 0.0328125
0 0.94140625 0.13671875 0.035937500000000004 0.0234375
0 0.3203125 0.19609375 0.018750000000000003 0.0234375
0 0.33046875000000003 0.2859375 0.0203125 0.025
0 0.34375 0.33671875 0.018750000000000003 0.029687500000000002
