0 0.4140625 0.85078125 0.03125 0.0328125
0 0.078125 0.8875000000000001 0.021875000000000002 0.028125
0 0.09765625 0.8890625000000001 0.0234375 0.025
0 0.15703125 0.8406250000000001 0.029687500000000002 0.034375
0 0.1484375 0.8640625000000001 0.043750000000000004 0.03125
0 0.05625 0.775 0.018750000000000003 0.028125
0 0.2328125 0.83359375 0.06875 0.0328125
0 0.06796875000000001 0.8070312500000001 0.0421875 0.0234375
0 0.06796875000000001 0.83984375 0.026562500000000003 0.029687500000000002
0 0.8968750000000001 0.63984375 0.025 0.0328125
0 0.08359375000000001 0.11093750000000001 0.0328125 0.021875000000000002
