0 0.6937500000000001 0.6390625000000001 0.021875000000000002 0.034375
0 0.7117187500000001 0.63671875 0.0203125 0.029687500000000002
0 0.24453125 0.5203125000000001 0.0234375 0.021875000000000002
0 0.2546875 0.50625 0.021875000000000002 0.021875000000000002
0 0.35859375000000004 0.48750000000000004 0.0421875 0.021875000000000002
0 0.21171875 0.35625 0.0203125 0.03125
0 0.28203125 0.21171875 0.0234375 0.026562500000000003
0 0.26171875 0.234375 0.0203125 0.021875000000000002
0 0.278125 0.27109375 0.025 0.0328125
0 0.25703125 0.25703125 0.0234375 0.0234375
0 0.41328125000000004 0.26406250000000003 0.0203125 0.025
0 0.44921875 0.32890625 0.0234375 0.0203125
0 0.44921875 0.3484375 0.0234375 0.021875000000000002
0 0.45156250000000003 0.37265625 0.03125 0.026562500000000003
0 0.721875 0.18671875000000002 0.025 0.0578125
0 0.7210937500000001 0.12265625000000001 0.029687500000000002 0.045312500000000006
0 0.7921875 0.1421875 0.03125 0.05625
0 0.88671875 0.13984375000000002 0.0203125 0.0578125
0 0.8382812500000001 0.14296875 0.035937500000000004 0.0546875
0 0.8390625 0.20625000000000002 0.03125 0.05
0 0.8921875 0.20390625 0.028125 0.0578125
0 0.9382812500000001 0.14140625 0.026562500000000003 0.0484375
0 0.78828125 0.309375 0.026562500000000003 0.05625
0 0.94296875 0.1953125 0.0328125 0.043750000000000004
