0 0.11171875 0.828125 0.0234375 0.037500000000000006
0 0.34687500000000004 0.878125 0.018750000000000003 0.034375
0 0.33359375 0.8406250000000001 0.0203125 0.03125
0 0.31875000000000003 0.775 0.025 0.037500000000000006
0 0.32265625000000003 0.7359375 0.0171875 0.028125
0 0.940625 0.6898437500000001 0.037500000000000006 0.029687500000000002
0 0.9734375000000001 0.6156250000000001 0.025 0.040625
0 0.7000000000000001 0.23671875 0.021875000000000002 0.026562500000000003
0 0.71875 0.234375 0.021875000000000002 0.028125
0 0.2484375 0.11015625000000001 0.021875000000000002 0.0203125
