0 0.9359375000000001 0.8601562500000001 0.037500000000000006 0.0328125
0 0.96640625 0.8 0.0203125 0.025
0 0.9750000000000001 0.7828125 0.018750000000000003 0.025
0 0.6976562500000001 0.41171875 0.0234375 0.0328125
0 0.71484375 0.4109375 0.0171875 0.028125
0 0.24531250000000002 0.28828125 0.021875000000000002 0.0203125
0 0.2515625 0.27421875 0.021875000000000002 0.0171875
0 0.3609375 0.26015625000000003 0.040625 0.0203125
0 0.215625 0.125 0.015625 0.03125
0 0.45625000000000004 0.14296875 0.03125 0.026562500000000003
0 0.45703125 0.11875000000000001 0.029687500000000002 0.018750000000000003
0 0.4546875 0.10703125000000001 0.025 0.0140625
