0 0.21640625000000002 0.8890625000000001 0.0171875 0.018750000000000003
0 0.44609375 0.8679687500000001 0.0234375 0.026562500000000003
0 0.446875 0.884375 0.025 0.018750000000000003
0 0.2609375 0.8015625000000001 0.021875000000000002 0.021875000000000002
0 0.28359375000000003 0.8125 0.026562500000000003 0.040625
0 0.26328125 0.7835937500000001 0.0203125 0.0171875
0 0.28125 0.7585937500000001 0.018750000000000003 0.0234375
0 0.41015625 0.8070312500000001 0.0203125 0.026562500000000003
0 0.10312500000000001 0.53046875 0.021875000000000002 0.0203125
0 0.13359375 0.48750000000000004 0.0203125 0.021875000000000002
0 0.1421875 0.53828125 0.021875000000000002 0.0234375
0 0.23671875 0.48515625 0.026562500000000003 0.0234375
0 0.28203125 0.5281250000000001 0.0234375 0.021875000000000002
0 0.284375 0.4921875 0.021875000000000002 0.021875000000000002
0 0.31015625 0.48671875000000003 0.0171875 0.0203125
0 0.3125 0.5085937500000001 0.015625 0.0171875
0 0.47187500000000004 0.60546875 0.028125 0.026562500000000003
0 0.48828125 0.62265625 0.0203125 0.0203125
0 0.7820312500000001 0.571875 0.026562500000000003 0.053125000000000006
0 0.8390625 0.55703125 0.028125 0.0578125
0 0.87265625 0.565625 0.0328125 0.05625
0 0.92578125 0.56796875 0.029687500000000002 0.0578125
0 0.71484375 0.6546875000000001 0.0328125 0.03125
0 0.7859375000000001 0.6257812500000001 0.025 0.051562500000000004
0 0.828125 0.6156250000000001 0.034375 0.059375000000000004
0 0.86875 0.6171875 0.025 0.0625
0 0.9242187500000001 0.61640625 0.029687500000000002 0.0546875
0 0.78671875 0.68125 0.026562500000000003 0.053125000000000006
0 0.71484375 0.73046875 0.026562500000000003 0.0546875
0 0.8304687500000001 0.6765625000000001 0.0328125 0.025
0 0.8765625 0.6804687500000001 0.03125 0.051562500000000004
0 0.925 0.67578125 0.028125 0.0328125
0 0.8328125000000001 0.7406250000000001 0.025 0.05625
0 0.88046875 0.74140625 0.029687500000000002 0.0578125
0 0.9328125 0.7390625000000001 0.03125 0.05625
0 0.8406250000000001 0.8054687500000001 0.03125 0.0390625
0 0.8859375 0.8015625000000001 0.03125 0.053125000000000006
0 0.9242187500000001 0.8054687500000001 0.029687500000000002 0.045312500000000006
0 0.7835937500000001 0.846875 0.026562500000000003 0.053125000000000006
0 0.83515625 0.8523437500000001 0.026562500000000003 0.051562500000000004
0 0.884375 0.84921875 0.021875000000000002 0.051562500000000004
0 0.9359375000000001 0.84765625 0.03125 0.0390625
