0 0.6921875000000001 0.78828125 0.021875000000000002 0.0390625
0 0.70859375 0.78671875 0.0234375 0.0328125
0 0.24609375 0.675 0.0203125 0.021875000000000002
0 0.26015625000000003 0.66328125 0.026562500000000003 0.0234375
0 0.35859375000000004 0.6429687500000001 0.0421875 0.0203125
0 0.21171875 0.51328125 0.0203125 0.0328125
0 0.44921875 0.48828125 0.026562500000000003 0.0203125
0 0.44921875 0.503125 0.026562500000000003 0.018750000000000003
0 0.45 0.5265625 0.03125 0.021875000000000002
0 0.27890625 0.43046875 0.029687500000000002 0.0234375
0 0.25625000000000003 0.415625 0.021875000000000002 0.021875000000000002
0 0.2609375 0.3921875 0.018750000000000003 0.018750000000000003
0 0.28046875 0.36640625000000004 0.0234375 0.026562500000000003
0 0.11796875000000001 0.1234375 0.0234375 0.028125
0 0.43515625 0.23750000000000002 0.029687500000000002 0.025
0 0.13515625 0.171875 0.026562500000000003 0.025
0 0.14375000000000002 0.13671875 0.018750000000000003 0.029687500000000002
0 0.28750000000000003 0.13593750000000002 0.018750000000000003 0.021875000000000002
0 0.28984375 0.1078125 0.0171875 0.015625
0 0.3171875 0.1125 0.021875000000000002 0.025
0 0.49140625000000004 0.23750000000000002 0.0203125 0.018750000000000003
0 0.78671875 0.18359375 0.0328125 0.0546875
0 0.84296875 0.16875 0.0234375 0.05625
0 0.8773437500000001 0.18203125 0.0328125 0.060937500000000006
0 0.93515625 0.18281250000000002 0.0328125 0.059375000000000004
0 0.7210937500000001 0.26875 0.029687500000000002 0.065625
0 0.78671875 0.23203125000000002 0.029687500000000002 0.0578125
0 0.8343750000000001 0.2265625 0.028125 0.05625
0 0.8734375000000001 0.23203125000000002 0.03125 0.06406250000000001
0 0.9296875 0.22968750000000002 0.034375 0.059375000000000004
0 0.7875000000000001 0.296875 0.03125 0.05625
0 0.7195312500000001 0.34140625 0.026562500000000003 0.060937500000000006
0 0.8375 0.28203125 0.040625 0.045312500000000006
0 0.88046875 0.29453125 0.029687500000000002 0.0578125
0 0.9304687500000001 0.29531250000000003 0.029687500000000002 0.046875
0 0.8406250000000001 0.35625 0.025 0.059375000000000004
0 0.88984375 0.35625 0.0234375 0.059375000000000004
0 0.9398437500000001 0.35703125 0.0328125 0.0546875
0 0.846875 0.42500000000000004 0.034375 0.046875
0 0.8914062500000001 0.41171875 0.026562500000000003 0.045312500000000006
0 0.7859375000000001 0.46640625 0.025 0.051562500000000004
0 0.9375 0.41718750000000004 0.018750000000000003 0.040625
