0 0.8953125000000001 0.55703125 0.021875000000000002 0.026562500000000003
0 0.17421875 0.8796875000000001 0.0203125 0.028125
0 0.05625 0.703125 0.018750000000000003 0.018750000000000003
0 0.0671875 0.728125 0.043750000000000004 0.021875000000000002
0 0.06328125 0.7578125 0.0328125 0.028125
0 0.0765625 0.8140625 0.018750000000000003 0.034375
0 0.09453125000000001 0.8140625 0.0203125 0.03125
0 0.1640625 0.83515625 0.025 0.0203125
0 0.18671875000000002 0.82578125 0.0234375 0.0234375
0 0.15546875000000002 0.759375 0.029687500000000002 0.03125
0 0.14609375 0.78515625 0.0421875 0.029687500000000002
0 0.2328125 0.75703125 0.06875 0.035937500000000004
0 0.41328125000000004 0.7718750000000001 0.0328125 0.034375
