0 0.8929687500000001 0.46796875000000004 0.0328125 0.0328125
0 0.07500000000000001 0.7406250000000001 0.021875000000000002 0.03125
0 0.09453125000000001 0.7406250000000001 0.0203125 0.034375
0 0.17500000000000002 0.8054687500000001 0.021875000000000002 0.0234375
0 0.503125 0.8890625000000001 0.028125 0.021875000000000002
0 0.5375 0.8515625 0.043750000000000004 0.034375
0 0.053125000000000006 0.6335937500000001 0.021875000000000002 0.0203125
0 0.06640625 0.6531250000000001 0.0390625 0.021875000000000002
0 0.06484375 0.6843750000000001 0.029687500000000002 0.03125
0 0.1546875 0.68359375 0.03125 0.029687500000000002
0 0.14609375 0.7117187500000001 0.0421875 0.0328125
0 0.1640625 0.7609375 0.021875000000000002 0.021875000000000002
0 0.18828125 0.7523437500000001 0.0203125 0.0234375
0 0.4140625 0.6960937500000001 0.034375 0.035937500000000004
0 0.23359375000000002 0.6843750000000001 0.0703125 0.040625
