0 0.09296875 0.35703125 0.0328125 0.0203125
0 0.20859375000000002 0.5015625 0.026562500000000003 0.025
0 0.2765625 0.41718750000000004 0.034375 0.037500000000000006
0 0.31171875000000004 0.31875000000000003 0.026562500000000003 0.025
0 0.36640625000000004 0.48515625 0.0203125 0.0203125
0 0.32109375 0.2765625 0.0171875 0.025
0 0.33515625000000004 0.36875 0.0203125 0.025
0 0.3453125 0.41796875 0.018750000000000003 0.026562500000000003
0 0.9398437500000001 0.22109375 0.0328125 0.026562500000000003
0 0.98046875 0.146875 0.0203125 0.034375
