0 0.28046875 0.8625 0.0171875 0.021875000000000002
0 0.26328125 0.88671875 0.0140625 0.0171875
0 0.4859375 0.7000000000000001 0.028125 0.028125
0 0.49062500000000003 0.7265625 0.018750000000000003 0.018750000000000003
0 0.1046875 0.6195312500000001 0.025 0.0234375
0 0.14453125 0.6421875 0.0203125 0.025
0 0.246875 0.59140625 0.025 0.0234375
0 0.2859375 0.59375 0.021875000000000002 0.021875000000000002
0 0.31093750000000003 0.5921875 0.018750000000000003 0.025
0 0.31484375000000003 0.609375 0.0171875 0.021875000000000002
0 0.28515625 0.63203125 0.0171875 0.0234375
0 0.7820312500000001 0.6742187500000001 0.026562500000000003 0.051562500000000004
0 0.8382812500000001 0.66328125 0.0203125 0.0578125
0 0.8718750000000001 0.671875 0.034375 0.059375000000000004
0 0.9234375 0.6742187500000001 0.03125 0.0671875
0 0.71640625 0.753125 0.0390625 0.040625
0 0.784375 0.72578125 0.025 0.0546875
0 0.8296875 0.7203125 0.03125 0.0625
0 0.8679687500000001 0.72265625 0.029687500000000002 0.060937500000000006
0 0.9226562500000001 0.72265625 0.0328125 0.0578125
0 0.7140625 0.83515625 0.021875000000000002 0.0578125
0 0.7828125 0.78515625 0.028125 0.051562500000000004
0 0.83359375 0.77734375 0.029687500000000002 0.029687500000000002
0 0.87421875 0.7796875000000001 0.029687500000000002 0.040625
0 0.925 0.7820312500000001 0.025 0.0390625
0 0.83125 0.8382812500000001 0.03125 0.045312500000000006
0 0.8812500000000001 0.8421875000000001 0.028125 0.0625
0 0.93359375 0.8453125 0.029687500000000002 0.05
