0 0.875 0.27265625 0.021875000000000002 0.026562500000000003
0 0.5398437500000001 0.67578125 0.045312500000000006 0.029687500000000002
0 0.48671875000000003 0.7109375 0.0328125 0.025
0 0.03828125 0.47421875 0.0234375 0.0203125
0 0.06406250000000001 0.48281250000000003 0.040625 0.025
0 0.059375000000000004 0.5164062500000001 0.03125 0.029687500000000002
0 0.0703125 0.5710937500000001 0.021875000000000002 0.0328125
0 0.08984375 0.5703125 0.0203125 0.034375
0 0.14921875 0.51328125 0.0390625 0.029687500000000002
0 0.14296875 0.54296875 0.0421875 0.026562500000000003
0 0.21875 0.5140625 0.046875 0.03125
0 0.1609375 0.58984375 0.018750000000000003 0.0234375
0 0.18515625000000002 0.58203125 0.0234375 0.0203125
0 0.17265625 0.6328125 0.0203125 0.025
0 0.41250000000000003 0.525 0.034375 0.028125
