0 284.0 352.0 299.0 367.0
0 146.0 343.99997 163.0 358.0
0 34.0 190.99998 51.0 205.0
0 43.999996 204.0 60.0 218.00002
0 62.999996 207.0 79.0 218.0
0 79.0 184.0 90.0 199.0
0 83.0 193.0 97.0 207.0
0 96.0 177.0 111.0 190.0
0 95.0 198.0 111.0 210.0
0 133.0 200.99998 148.0 210.0
0 157.0 199.0 172.0 208.00002
0 176.0 197.0 199.0 208.0
0 88.0 121.0 114.00001 135.0
0 130.0 155.0 149.0 167.0
0 148.0 152.0 172.0 166.0
0 172.0 158.0 203.0 168.0
0 215.0 159.99998 229.00002 170.99998
0 240.0 154.0 269.0 166.0
0 238.0 129.0 268.0 144.0
0 282.0 123.0 299.0 133.0
0 275.0 152.0 308.0 161.0
