0 293.0 512.0 317.0 542.0
0 283.0 536.0 303.0 558.0
0 157.0 438.0 168.0 453.0
0 147.0 448.00003 164.0 470.0
0 49.0 235.99998 66.0 255.0
0 65.0 253.0 82.0 272.0
0 158.0 248.0 173.0 265.0
0 366.0 210.0 391.0 235.0
0 549.0 145.0 574.0 180.0
0 331.0 317.0 349.0 337.0
0 523.0 311.0 542.0 333.0
0 499.0 326.0 520.0 354.0
0 493.0 357.0 521.0 373.99997
0 567.0 368.00003 592.0 385.0
0 611.0 394.0 628.0 409.0
0 595.0 408.00003 611.0 425.0
0 587.0 423.0 616.0 443.0
0 618.0 443.0 638.0 463.99997
0 574.0 451.0 594.0 469.0
