0 1.9999999 292.0 17.0 304.0
0 12.0 323.00003 27.0 340.0
0 22.0 287.0 33.0 301.0
0 82.00001 294.0 95.0 314.0
0 113.0 314.0 124.00001 332.0
0 130.0 314.99997 143.0 336.99997
0 89.00001 267.0 98.0 280.0
0 110.99999 271.0 138.0 283.0
0 122.0 246.99998 134.0 261.0
0 152.0 261.0 180.0 279.0
0 184.0 282.0 201.0 294.0
0 220.0 273.0 233.0 289.0
0 276.0 271.0 295.0 284.0
0 280.0 262.0 297.0 275.0
0 317.0 263.0 330.0 275.0
0 272.0 338.0 285.0 361.00003
0 283.0 338.0 296.0 361.00003
0 399.0 357.0 410.0 371.00003
0 480.0 85.0 496.99997 100.0
