0 6.0 505.0 28.000002 534.0
0 1.0000002 554.0 15.0 574.0
0 23.000002 540.0 45.0 572.0
0 117.0 410.0 128.0 431.99997
0 158.0 316.00003 170.0 332.0
0 149.0 326.00003 171.99998 352.0
0 294.0 391.00003 318.0 422.0
0 287.0 417.0 305.0 438.0
0 586.0 558.0 618.0 576.0
0 622.0 323.99997 640.0 342.0
0 578.0 330.0 599.0 348.00003
0 615.0 268.0 636.0 288.0
0 597.0 282.0 611.0 301.0
0 595.0 303.0 619.0 324.0
0 580.0 235.0 597.0 255.99998
0 496.0 232.0 524.0 252.0
0 503.0 203.0 526.0 227.0
0 527.0 190.0 544.0 213.0
0 331.00003 199.0 348.0 218.00002
0 363.00003 95.0 385.0 119.0
0 52.000004 114.0 66.0 131.0
0 66.0 129.0 83.0 150.0
0 160.0 124.00001 175.0 142.0
