0 214.0 504.0 241.0 516.0
0 151.0 526.0 164.0 538.0
0 166.0 522.0 179.0 536.0
0 131.0 417.0 141.0 438.0
0 169.0 363.0 184.0 381.00003
0 156.0 358.99997 170.0 373.0
0 159.0 346.00003 171.99998 357.0
0 170.0 327.0 187.0 341.00003
0 276.0 402.0 293.0 418.0
0 277.0 411.99997 294.0 425.0
0 277.0 423.0 298.0 443.0
0 255.0 361.0 269.0 376.0
0 70.0 162.0 86.0 178.0
0 68.0 196.99998 83.0 214.0
0 83.0 185.99998 97.0 200.0
0 125.0 150.0 147.0 165.0
0 175.0 181.0 188.0 199.0
0 176.0 158.0 189.0 173.0
0 193.00002 155.00002 204.0 169.00002
0 194.00002 166.99998 205.0 181.0
0 278.0 236.99998 298.0 254.0
0 306.0 244.0 317.0 257.0
0 492.0 200.0 511.00003 234.00002
0 528.0 189.0 545.0 224.0
0 549.0 196.0 570.0 234.0
0 583.0 195.99998 604.0 235.0
0 448.0 254.00002 466.00003 290.0
0 496.0 232.0 510.0 265.0
0 523.0 226.0 541.0 263.0
0 546.0 228.0 566.0 267.0
0 583.0 228.0 604.0 265.0
0 493.0 272.0 511.00003 302.0
0 448.0 301.0 463.99997 337.0
0 524.0 268.0 549.0 303.0
0 552.0 270.0 571.0 301.0
0 585.0 271.0 603.0 302.0
0 526.0 307.0 543.0 345.0
0 557.0 306.0 574.0 345.0
0 589.0 311.0 609.0 344.0
0 527.0 355.0 551.0 381.99997
0 493.00003 378.0 510.0 412.0
0 560.0 348.0 576.0 386.00003
0 586.0 353.0 602.0 383.0
