0 0.428125 0.109375 0.025 0.01875 0.130212
0 0.513281 0.350781 0.0296875 0.0203125 0.181103
0 0.902344 0.751562 0.0203125 0.025 0.282939
0 0.683594 0.54375 0.0203125 0.01875 0.349649
0 0.990625 0.626562 0.01875 0.021875 0.671981
0 0.510938 0.398438 0.028125 0.025 0.742939
0 0.715625 0.539844 0.021875 0.0203125 0.761112
0 0.809375 0.7125 0.021875 0.021875 0.766936
0 0.817187 0.742188 0.025 0.025 0.81616
0 0.514844 0.380469 0.0296875 0.0234375 0.842185
0 0.907812 0.616406 0.025 0.0203125 0.857178
