0 0.755469 0.110937 0.0234375 0.01875 0.651896
0 0.770312 0.232031 0.040625 0.0296875 0.66861
0 0.678906 0.317187 0.0296875 0.028125 0.803493
0 0.76875 0.125781 0.025 0.0234375 0.80467
0 0.596094 0.158594 0.0265625 0.0234375 0.820816
0 0.571094 0.264844 0.0265625 0.0296875 0.858179
0 0.598437 0.176563 0.025 0.028125 0.86739
0 0.777344 0.221094 0.0390625 0.0359375 0.896197
0 0.464844 0.657031 0.0265625 0.0359375 0.910033
0 0.422656 0.657031 0.0296875 0.0390625 0.915512
0 0.920313 0.129688 0.04375 0.046875 0.937947
