0 0.70625 0.283594 0.015625 0.0203125 0.140431
0 0.725781 0.829687 0.0234375 0.028125 0.23047
0 0.644531 0.564844 0.0203125 0.0171875 0.248306
0 0.700781 0.305469 0.0171875 0.0203125 0.513494
0 0.674219 0.724219 0.0234375 0.0203125 0.582421
0 0.705469 0.316406 0.0203125 0.0203125 0.649992
0 0.650781 0.649219 0.0265625 0.0203125 0.693753
0 0.763281 0.611719 0.0171875 0.0328125 0.714487
0 0.678125 0.739062 0.021875 0.01875 0.740295
0 0.645312 0.574219 0.021875 0.0171875 0.751674
0 0.719531 0.811719 0.0234375 0.0265625 0.764105
0 0.680469 0.339844 0.0203125 0.0171875 0.767513
0 0.760156 0.639844 0.0171875 0.0234375 0.780278
0 0.514063 0.6125 0.025 0.01875 0.82718
0 0.65625 0.667188 0.034375 0.021875 0.867351
0 0.507031 0.730469 0.0328125 0.0234375 0.892941
