0 0.753906 0.114063 0.0203125 0.01875 0.115278
0 0.761719 0.117188 0.0265625 0.025 0.707526
0 0.735937 0.107031 0.021875 0.0171875 0.735988
0 0.617188 0.266406 0.03125 0.0265625 0.747066
0 0.784375 0.214062 0.0375 0.03125 0.783634
0 0.689844 0.303125 0.0296875 0.028125 0.803318
0 0.601562 0.136719 0.028125 0.0234375 0.814588
0 0.794531 0.201562 0.0421875 0.0375 0.843995
0 0.947656 0.114844 0.0421875 0.0296875 0.88247
0 0.603906 0.155469 0.0265625 0.0296875 0.887644
0 0.463281 0.665625 0.0265625 0.0375 0.897493
0 0.417969 0.666406 0.0296875 0.0390625 0.908444
