0 0.996094 0.610937 0.0078125 0.021875 0.129642
0 0.99375 0.591406 0.0125 0.0296875 0.642888
0 0.961719 0.503125 0.0203125 0.021875 0.659776
0 0.913281 0.16875 0.0171875 0.01875 0.715305
0 0.903125 0.138281 0.01875 0.0171875 0.75663
0 0.789844 0.396875 0.0234375 0.025 0.795619
0 0.684375 0.407813 0.01875 0.025 0.811568
0 0.899219 0.114063 0.0234375 0.01875 0.815519
0 0.771875 0.396875 0.025 0.028125 0.822802
0 0.880469 0.407031 0.0265625 0.0296875 0.853278
0 0.907812 0.416406 0.03125 0.0390625 0.884452
