0 0.390625 0.610937 0.01875 0.021875 0.157104
0 0.39375 0.635938 0.0125 0.015625 0.18612
0 0.390625 0.595312 0.015625 0.01875 0.302015
0 0.367188 0.563281 0.01875 0.0171875 0.381004
0 0.222656 0.841406 0.0171875 0.0171875 0.469466
0 0.371094 0.572656 0.0171875 0.0171875 0.56034
0 0.216406 0.815625 0.0203125 0.01875 0.604061
0 0.383594 0.616406 0.0171875 0.0171875 0.620914
0 0.225781 0.829687 0.0203125 0.021875 0.637378
0 0.202344 0.828125 0.0171875 0.015625 0.680088
0 0.107813 0.871875 0.025 0.01875 0.772973
0 0.338281 0.652344 0.0328125 0.0234375 0.787201
0 0.114844 0.844531 0.0265625 0.0265625 0.815718
0 0.338281 0.670313 0.0296875 0.025 0.819437
0 0.340625 0.5625 0.028125 0.021875 0.840712
0 0.298438 0.7875 0.034375 0.034375 0.875593
