0 0.911719 0.166406 0.0234375 0.0265625 0.235433
0 0.903125 0.171875 0.021875 0.028125 0.293488
0 0.903125 0.178125 0.015625 0.015625 0.623582
0 0.641406 0.316406 0.0234375 0.0265625 0.650456
0 0.921875 0.167969 0.015625 0.0203125 0.66008
0 0.640625 0.232031 0.021875 0.0203125 0.678822
0 0.898438 0.161719 0.01875 0.0234375 0.707114
0 0.653906 0.308594 0.0234375 0.0265625 0.756991
0 0.717188 0.223438 0.025 0.028125 0.78562
0 0.703125 0.235156 0.028125 0.0265625 0.8302
0 0.817187 0.149219 0.025 0.0359375 0.893613
