0 0.649219 0.239844 0.0234375 0.0203125 0.560197
0 0.975 0.690625 0.021875 0.021875 0.66442
0 0.786719 0.659375 0.0171875 0.021875 0.668193
0 0.671094 0.385938 0.0234375 0.01875 0.702122
0 0.679688 0.402344 0.021875 0.0203125 0.714053
0 0.796875 0.667969 0.01875 0.0265625 0.728949
0 0.96875 0.676562 0.01875 0.021875 0.73093
0 0.892969 0.667969 0.0203125 0.0328125 0.77454
0 0.651563 0.3125 0.025 0.01875 0.775972
0 0.717188 0.476562 0.021875 0.025 0.776304
0 0.764063 0.278125 0.01875 0.034375 0.794789
0 0.760156 0.307813 0.0140625 0.021875 0.813731
0 0.485938 0.707812 0.025 0.025 0.857798
0 0.520312 0.273438 0.025 0.01875 0.863068
0 0.659375 0.33125 0.034375 0.021875 0.879381
0 0.510938 0.389844 0.028125 0.0203125 0.900722
