0 0.760938 0.235938 0.03125 0.028125 0.24543
0 0.770312 0.116406 0.028125 0.0234375 0.395789
0 0.779688 0.107813 0.028125 0.01875 0.612503
0 0.76875 0.130469 0.025 0.0234375 0.733036
0 0.770312 0.228906 0.040625 0.0359375 0.787805
0 0.675781 0.321094 0.0296875 0.0265625 0.800679
0 0.557031 0.266406 0.0234375 0.0296875 0.827738
0 0.595312 0.163281 0.025 0.0234375 0.836624
0 0.464844 0.654688 0.0265625 0.0375 0.901319
0 0.598437 0.18125 0.025 0.028125 0.902656
0 0.423438 0.655469 0.028125 0.0359375 0.915778
0 0.915625 0.133594 0.040625 0.0453125 0.925324
