0 0.771875 0.119531 0.025 0.0234375 0.543439
0 0.992188 0.117188 0.015625 0.028125 0.650728
0 0.789844 0.109375 0.0265625 0.01875 0.730757
0 0.760938 0.242188 0.034375 0.028125 0.744889
0 0.763281 0.139062 0.0265625 0.025 0.768548
0 0.770312 0.232031 0.040625 0.0328125 0.812325
0 0.596094 0.171875 0.0265625 0.021875 0.819428
0 0.679688 0.335156 0.0375 0.0390625 0.841273
0 0.598437 0.188281 0.025 0.0265625 0.869138
0 0.520312 0.272656 0.021875 0.0265625 0.880138
0 0.428125 0.651563 0.03125 0.0375 0.899203
0 0.469531 0.650781 0.0265625 0.0359375 0.899644
0 0.905469 0.141406 0.0390625 0.0421875 0.9068
