0 0.503125 0.817969 0.021875 0.0265625 0.301402
0 0.501562 0.829687 0.021875 0.021875 0.565227
0 0.492188 0.807031 0.01875 0.0234375 0.640219
0 0.152344 0.388281 0.0203125 0.0203125 0.666854
0 0.514063 0.828906 0.021875 0.0234375 0.721435
0 0.686719 0.116406 0.0203125 0.0203125 0.722432
0 0.341406 0.603906 0.0203125 0.0234375 0.734069
0 0.752344 0.113281 0.0234375 0.0234375 0.764767
0 0.115625 0.360156 0.025 0.0265625 0.764916
0 0.694531 0.140625 0.0265625 0.03125 0.802758
0 0.321875 0.60625 0.021875 0.028125 0.814603
0 0.359375 0.63125 0.01875 0.021875 0.846509
