0 0.214062 0.202344 0.028125 0.0265625 0.12944
0 0.409375 0.203125 0.025 0.01875 0.284443
0 0.392969 0.210156 0.0390625 0.0234375 0.508356
0 0.25 0.25 0.03125 0.021875 0.642033
0 0.139062 0.314063 0.01875 0.01875 0.652267
0 0.4875 0.113281 0.021875 0.0203125 0.658257
0 0.29375 0.254687 0.046875 0.015625 0.719718
0 0.397656 0.250781 0.0484375 0.0171875 0.723783
0 0.352344 0.205469 0.0265625 0.0171875 0.746157
0 0.160938 0.2875 0.025 0.01875 0.754961
0 0.159375 0.198437 0.040625 0.021875 0.766957
0 0.257812 0.317187 0.025 0.015625 0.813611
0 0.454688 0.244531 0.053125 0.0171875 0.822026
0 0.219531 0.320312 0.0234375 0.015625 0.832211
0 0.455469 0.560938 0.0234375 0.025 0.833878
0 0.08125 0.330469 0.025 0.0203125 0.840198
0 0.132031 0.298438 0.0203125 0.025 0.844875
0 0.160938 0.320312 0.021875 0.01875 0.853606
0 0.065625 0.309375 0.028125 0.021875 0.862759
0 0.346875 0.259375 0.021875 0.01875 0.86338
0 0.111719 0.332031 0.0234375 0.0171875 0.867889
0 0.217187 0.250781 0.03125 0.0203125 0.868651
0 0.453125 0.199219 0.028125 0.0171875 0.868766
0 0.242188 0.547656 0.028125 0.0234375 0.870154
0 0.292969 0.317969 0.0390625 0.0171875 0.889705
