0 0.015625 0.555469 0.028125 0.0171875 0.565647
0 0.453125 0.419531 0.025 0.0203125 0.689685
0 0.632812 0.567187 0.015625 0.021875 0.692545
0 0.444531 0.434375 0.0265625 0.021875 0.708112
0 0.298438 0.45 0.028125 0.01875 0.727553
0 0.503906 0.41875 0.0203125 0.025 0.774387
0 0.1375 0.475 0.01875 0.03125 0.80268
0 0.0429688 0.460156 0.0171875 0.0265625 0.806276
0 0.200781 0.396875 0.0171875 0.01875 0.83126
0 0.0289063 0.51875 0.0234375 0.028125 0.83166
0 0.353906 0.4375 0.0203125 0.025 0.832664
0 0.452344 0.545313 0.0203125 0.034375 0.83283
0 0.0140625 0.465625 0.021875 0.01875 0.839528
0 0.435156 0.546875 0.0171875 0.034375 0.842335
0 0.146094 0.427344 0.0140625 0.0203125 0.844454
0 0.761719 0.144531 0.0265625 0.0234375 0.847627
0 0.185937 0.505469 0.01875 0.0296875 0.868918
0 0.213281 0.509375 0.0203125 0.034375 0.888009
0 0.194531 0.432813 0.0390625 0.021875 0.906696
0 0.258594 0.421094 0.0421875 0.0296875 0.94288
