0 0.0921875 0.761719 0.01875 0.0234375 0.624955
0 0.119531 0.7375 0.0203125 0.021875 0.636257
0 0.325781 0.2375 0.0171875 0.015625 0.742099
0 0.35 0.204688 0.01875 0.021875 0.750353
0 0.102344 0.763281 0.0171875 0.0234375 0.765385
0 0.924219 0.310937 0.0234375 0.025 0.791961
0 0.925781 0.294531 0.0296875 0.0203125 0.817846
0 0.107813 0.728906 0.028125 0.0296875 0.817944
0 0.367188 0.246094 0.021875 0.0265625 0.844943
0 0.4125 0.135937 0.03125 0.028125 0.866001
0 0.645312 0.65625 0.025 0.03125 0.887252
