0 0.01875 0.404687 0.01875 0.015625 0.209213
0 0.442187 0.333594 0.028125 0.0234375 0.686533
0 0.448438 0.31875 0.025 0.021875 0.705388
0 0.628906 0.470313 0.0140625 0.01875 0.712398
0 0.351562 0.336719 0.01875 0.0234375 0.776923
0 0.0390625 0.363281 0.015625 0.0234375 0.778168
0 0.501562 0.319531 0.01875 0.0234375 0.785464
0 0.14375 0.329688 0.015625 0.01875 0.811674
0 0.432813 0.446094 0.01875 0.0359375 0.835639
0 0.134375 0.376563 0.01875 0.03125 0.839581
0 0.184375 0.40625 0.01875 0.025 0.851027
0 0.283594 0.346875 0.0234375 0.01875 0.853654
0 0.449219 0.44375 0.0203125 0.034375 0.858051
0 0.0273438 0.421875 0.0265625 0.028125 0.86352
0 0.174219 0.296094 0.0203125 0.0203125 0.868591
0 0.0109375 0.367969 0.021875 0.0203125 0.872183
0 0.210156 0.410156 0.0203125 0.0328125 0.887708
0 0.191406 0.334375 0.0390625 0.01875 0.893474
0 0.255469 0.321875 0.0421875 0.028125 0.928005
