0 0.99375 0.74375 0.0125 0.028125 0.303694
0 0.359375 0.796094 0.028125 0.0328125 0.415528
0 0.464063 0.8875 0.025 0.025 0.596959
0 0.429688 0.734375 0.021875 0.03125 0.652369
0 0.245312 0.719531 0.028125 0.0359375 0.696262
0 0.592188 0.340625 0.040625 0.05 0.706481
0 0.253906 0.694531 0.0203125 0.0234375 0.74004
0 0.940625 0.650781 0.025 0.0265625 0.781435
0 0.966406 0.627344 0.0296875 0.0265625 0.813181
0 0.53125 0.511719 0.028125 0.0328125 0.819345
0 0.455469 0.854688 0.0296875 0.03125 0.824042
0 0.190625 0.841406 0.025 0.0390625 0.824256
0 0.478125 0.823438 0.034375 0.046875 0.837451
0 0.980469 0.709375 0.0265625 0.03125 0.840087
0 0.904688 0.589844 0.0375 0.0328125 0.852074
0 0.798437 0.527344 0.034375 0.0328125 0.853785
0 0.832812 0.504687 0.028125 0.0375 0.860791
0 0.914062 0.719531 0.03125 0.0296875 0.866348
0 0.789844 0.570312 0.0421875 0.03125 0.868429
0 0.090625 0.383594 0.025 0.0296875 0.868911
0 0.940625 0.677344 0.040625 0.0328125 0.871945
0 0.115625 0.410156 0.028125 0.0296875 0.872485
0 0.259375 0.4 0.025 0.028125 0.874641
0 0.878906 0.254687 0.0453125 0.05625 0.894402
