0 0.108594 0.75 0.0234375 0.025 0.537656
0 0.0851562 0.774219 0.0203125 0.0234375 0.664841
0 0.340625 0.194531 0.021875 0.0203125 0.711238
0 0.0960938 0.776563 0.0171875 0.025 0.739664
0 0.936719 0.296094 0.0265625 0.0265625 0.755383
0 0.938281 0.282813 0.0296875 0.021875 0.822342
0 0.0960938 0.741406 0.0265625 0.0296875 0.824113
0 0.315625 0.228906 0.01875 0.0171875 0.830905
0 0.653125 0.6625 0.025 0.034375 0.862773
0 0.446094 0.153906 0.0234375 0.0234375 0.864953
0 0.357031 0.236719 0.0234375 0.0296875 0.867275
