0 0.0140625 0.211719 0.01875 0.0234375 0.152631
0 0.660156 0.357031 0.0203125 0.0265625 0.294466
0 0.985156 0.352344 0.0171875 0.0203125 0.302548
0 0.749219 0.111719 0.0171875 0.0203125 0.420105
0 0.68125 0.398438 0.01875 0.021875 0.440191
0 0.6625 0.346875 0.021875 0.021875 0.697279
0 0.676562 0.433594 0.01875 0.0234375 0.734903
0 0.654688 0.369531 0.021875 0.0234375 0.763201
0 0.617969 0.228125 0.0171875 0.015625 0.7906
0 0.696875 0.424219 0.01875 0.0203125 0.803852
0 0.694531 0.446875 0.0171875 0.01875 0.808889
