0 0.689844 0.427344 0.0234375 0.0328125 0.101567
0 0.692187 0.389844 0.021875 0.0265625 0.104715
0 0.69375 0.4125 0.021875 0.028125 0.239115
0 0.692187 0.378906 0.021875 0.0265625 0.259574
0 0.7 0.357812 0.01875 0.021875 0.310699
0 0.695312 0.366406 0.021875 0.0234375 0.395563
0 0.975 0.125 0.028125 0.028125 0.664966
0 0.665625 0.326562 0.015625 0.01875 0.689461
0 0.527344 0.871875 0.0234375 0.028125 0.696931
0 0.513281 0.870313 0.0234375 0.025 0.748918
0 0.65 0.38125 0.025 0.025 0.818434
0 0.232031 0.564062 0.0296875 0.025 0.870011
