0 0.140625 0.732813 0.021875 0.021875 0.586614
0 0.367969 0.210156 0.0171875 0.0234375 0.702715
0 0.116406 0.753906 0.0203125 0.0265625 0.734215
0 0.130469 0.723437 0.0265625 0.028125 0.767931
0 0.340625 0.107813 0.034375 0.01875 0.777166
0 0.336719 0.246875 0.0171875 0.015625 0.782213
0 0.126563 0.754687 0.01875 0.021875 0.80766
0 0.91875 0.299219 0.03125 0.0203125 0.813835
0 0.914844 0.314063 0.0234375 0.021875 0.829429
0 0.648438 0.651563 0.021875 0.03125 0.847399
0 0.376563 0.254687 0.021875 0.028125 0.859902
