0 0.676562 0.346094 0.025 0.0328125 0.14795
0 0.133594 0.153906 0.0203125 0.0234375 0.159331
0 0.666406 0.3125 0.0203125 0.021875 0.176074
0 0.124219 0.160938 0.0203125 0.025 0.419503
0 0.664844 0.832812 0.0234375 0.025 0.545798
0 0.127344 0.149219 0.0203125 0.0265625 0.624061
0 0.6625 0.29375 0.021875 0.025 0.682261
0 0.651563 0.83125 0.021875 0.025 0.713967
0 0.100781 0.146875 0.0234375 0.025 0.734368
0 0.624219 0.321094 0.0234375 0.0296875 0.768732
0 0.621875 0.267188 0.015625 0.025 0.789116
0 0.289062 0.632031 0.034375 0.0296875 0.884097
