0 0.105469 0.75625 0.0171875 0.025 0.476599
0 0.132031 0.733594 0.0203125 0.0203125 0.636365
0 0.923437 0.302344 0.028125 0.0203125 0.690406
0 0.355469 0.210156 0.0203125 0.0203125 0.69448
0 0.375 0.25 0.021875 0.028125 0.736548
0 0.334375 0.242188 0.01875 0.015625 0.771379
0 0.114063 0.757031 0.01875 0.0234375 0.800725
0 0.119531 0.723437 0.0265625 0.028125 0.839373
0 0.921875 0.316406 0.025 0.0234375 0.852224
0 0.384375 0.121094 0.025 0.0234375 0.868143
0 0.648438 0.654688 0.025 0.03125 0.910878
