0 0.111719 0.753125 0.0203125 0.025 0.696229
0 0.121094 0.754687 0.0171875 0.021875 0.699383
0 0.367188 0.205469 0.01875 0.0265625 0.725365
0 0.135156 0.732813 0.0203125 0.021875 0.737924
0 0.339844 0.246875 0.0171875 0.015625 0.779979
0 0.122656 0.722656 0.0265625 0.0265625 0.793435
0 0.921875 0.319531 0.025 0.0234375 0.813603
0 0.923437 0.303906 0.028125 0.0203125 0.84335
0 0.371094 0.113281 0.0234375 0.0234375 0.85393
0 0.380469 0.253125 0.0203125 0.028125 0.85582
0 0.648438 0.654688 0.025 0.03125 0.906466
