0 0.895312 0.417188 0.028125 0.03125 0.569288
0 0.432813 0.546094 0.028125 0.0328125 0.627282
0 0.255469 0.505469 0.0234375 0.0203125 0.650767
0 0.936719 0.885938 0.0453125 0.028125 0.670316
0 0.367188 0.8125 0.053125 0.025 0.74221
0 0.245312 0.529688 0.028125 0.0375 0.768195
0 0.015625 0.880469 0.028125 0.0328125 0.785847
0 0.533594 0.323438 0.0265625 0.028125 0.804094
0 0.942969 0.458594 0.0234375 0.0265625 0.804164
0 0.975 0.435937 0.03125 0.028125 0.811779
0 0.836719 0.314063 0.0296875 0.0375 0.815169
0 0.192188 0.65625 0.021875 0.0375 0.823595
0 0.914062 0.38125 0.0375 0.040625 0.82535
0 0.985937 0.521094 0.028125 0.0265625 0.837843
0 0.800781 0.335938 0.0359375 0.03125 0.83938
0 0.0914062 0.191406 0.0265625 0.0296875 0.85388
0 0.117188 0.217969 0.028125 0.0296875 0.864447
0 0.460156 0.669531 0.0296875 0.0328125 0.864682
0 0.480469 0.636719 0.0359375 0.0484375 0.865362
0 0.91875 0.528906 0.03125 0.0296875 0.8704
0 0.2625 0.207813 0.025 0.028125 0.880574
0 0.584375 0.166406 0.0375 0.0453125 0.881493
0 0.0257812 0.811719 0.0328125 0.0515625 0.887743
0 0.795313 0.377344 0.04375 0.0328125 0.899294
0 0.0539063 0.867188 0.0296875 0.05 0.901131
0 0.946875 0.488281 0.040625 0.0328125 0.908132
