0 0.0726563 0.778906 0.0203125 0.0265625 0.698672
0 0.334375 0.183594 0.021875 0.0203125 0.70127
0 0.0992187 0.754687 0.0203125 0.021875 0.719262
0 0.3125 0.221875 0.01875 0.01875 0.820299
0 0.0851562 0.780469 0.0171875 0.0234375 0.826064
0 0.95 0.278906 0.03125 0.0203125 0.829811
0 0.948438 0.29375 0.028125 0.025 0.839928
0 0.354688 0.228906 0.025 0.0296875 0.844994
0 0.0851562 0.744531 0.0265625 0.0296875 0.867377
0 0.657031 0.665625 0.0265625 0.034375 0.887077
0 0.464844 0.157031 0.0265625 0.0296875 0.888126
