0 0.0820312 0.776563 0.0171875 0.025 0.468179
0 0.107031 0.753125 0.0203125 0.025 0.587539
0 0.334375 0.191406 0.021875 0.0171875 0.678088
0 0.94375 0.279687 0.03125 0.021875 0.784529
0 0.0921875 0.744531 0.028125 0.0296875 0.795757
0 0.314063 0.225781 0.01875 0.0171875 0.809988
0 0.090625 0.779688 0.01875 0.025 0.812036
0 0.942187 0.295312 0.025 0.025 0.81295
0 0.355469 0.234375 0.0234375 0.03125 0.884754
0 0.655469 0.664062 0.0265625 0.034375 0.89197
0 0.457031 0.15625 0.0328125 0.03125 0.894328
