0 0.610156 0.59375 0.0203125 0.01875 0.112136
0 0.741406 0.321094 0.0171875 0.0234375 0.113326
0 0.607031 0.565625 0.0171875 0.015625 0.140845
0 0.653125 0.566406 0.021875 0.0234375 0.209007
0 0.677344 0.264844 0.0140625 0.0203125 0.212248
0 0.742969 0.305469 0.0203125 0.0234375 0.212274
0 0.608594 0.585938 0.0203125 0.021875 0.296536
0 0.669531 0.652344 0.0140625 0.0171875 0.362384
0 0.648438 0.582031 0.021875 0.0234375 0.696702
0 0.695312 0.621094 0.015625 0.0171875 0.712502
0 0.686719 0.639844 0.0140625 0.0171875 0.716639
0 0.625 0.344531 0.0125 0.0203125 0.747046
