0 0.0414063 0.375 0.0234375 0.025 0.117438
0 0.245312 0.114063 0.01875 0.028125 0.144413
0 0.232031 0.232812 0.0203125 0.021875 0.167157
0 0.446094 0.11875 0.0265625 0.025 0.340861
0 0.453906 0.108594 0.0265625 0.0203125 0.431577
0 0.974219 0.7625 0.0234375 0.03125 0.456476
0 0.215625 0.110156 0.01875 0.0203125 0.592729
0 0.458594 0.119531 0.0265625 0.0265625 0.608241
0 0.322656 0.885938 0.0234375 0.028125 0.611759
0 0.247656 0.264062 0.0234375 0.021875 0.664354
0 0.251563 0.249219 0.021875 0.0203125 0.684794
0 0.969531 0.771875 0.0234375 0.028125 0.774409
0 0.699219 0.3875 0.0234375 0.03125 0.817327
0 0.358594 0.235156 0.0453125 0.0203125 0.825596
0 0.717188 0.385156 0.021875 0.0296875 0.839621
0 0.9375 0.834375 0.040625 0.034375 0.857479
