0 0.982031 0.49375 0.0234375 0.046875 0.106769
0 0.2625 0.576563 0.028125 0.03125 0.150998
0 0.982813 0.370313 0.025 0.059375 0.167278
0 0.269531 0.570312 0.0234375 0.028125 0.179658
0 0.253125 0.825781 0.028125 0.0265625 0.226202
0 0.272656 0.561719 0.0203125 0.0234375 0.307957
0 0.979688 0.435156 0.03125 0.0703125 0.358759
0 0.257031 0.569531 0.0203125 0.0234375 0.451365
0 0.9375 0.615625 0.025 0.0375 0.482037
0 0.267969 0.825 0.0265625 0.025 0.539584
0 0.407813 0.575 0.021875 0.025 0.604877
0 0.246094 0.835156 0.0203125 0.0234375 0.607281
0 0.436719 0.672656 0.0296875 0.0234375 0.615165
0 0.979688 0.398438 0.03125 0.05625 0.620215
0 0.445312 0.639063 0.025 0.021875 0.672887
0 0.889844 0.575 0.0234375 0.053125 0.684436
0 0.446875 0.655469 0.025 0.0234375 0.697706
0 0.278906 0.522656 0.0234375 0.0265625 0.716007
0 0.311719 0.252344 0.0203125 0.0234375 0.734264
0 0.886719 0.611719 0.0234375 0.0390625 0.738527
0 0.257812 0.551562 0.01875 0.021875 0.74338
0 0.448438 0.679688 0.03125 0.028125 0.761652
0 0.929688 0.335156 0.028125 0.0609375 0.769619
0 0.489062 0.391406 0.021875 0.0234375 0.777537
0 0.878125 0.450781 0.028125 0.0578125 0.792223
0 0.835156 0.625781 0.0234375 0.0359375 0.798496
0 0.928125 0.45 0.028125 0.046875 0.801538
0 0.311719 0.270312 0.0171875 0.021875 0.807492
0 0.834375 0.511719 0.028125 0.0578125 0.807749
0 0.785156 0.389062 0.0265625 0.05625 0.809974
0 0.276563 0.58125 0.025 0.03125 0.811739
0 0.784375 0.447656 0.028125 0.0546875 0.816143
0 0.86875 0.3875 0.028125 0.059375 0.816396
0 0.836719 0.325 0.0265625 0.059375 0.818024
0 0.925781 0.386719 0.0328125 0.0609375 0.818362
0 0.715625 0.497656 0.025 0.0640625 0.824661
0 0.210938 0.667969 0.01875 0.0296875 0.829367
0 0.884375 0.510156 0.028125 0.0609375 0.83468
0 0.285937 0.258594 0.01875 0.0234375 0.841379
0 0.842188 0.577344 0.034375 0.0453125 0.842716
0 0.928125 0.575 0.028125 0.05 0.84402
0 0.8375 0.445312 0.034375 0.059375 0.846056
0 0.35625 0.796875 0.04375 0.021875 0.848872
0 0.117969 0.320312 0.0234375 0.025 0.852739
0 0.141406 0.301562 0.0203125 0.021875 0.857324
0 0.714844 0.423438 0.0328125 0.065625 0.862425
0 0.45 0.383594 0.03125 0.0265625 0.863717
0 0.283594 0.296094 0.0203125 0.0265625 0.871084
0 0.872656 0.335156 0.0328125 0.0640625 0.876235
0 0.782812 0.339844 0.028125 0.0546875 0.87995
0 0.214062 0.246094 0.03125 0.0234375 0.885762
0 0.122656 0.265625 0.0234375 0.028125 0.8859
0 0.935156 0.510156 0.0328125 0.0609375 0.887212
0 0.832031 0.38125 0.0296875 0.059375 0.899851
0 0.783594 0.617969 0.0265625 0.0546875 0.92063
