0 0.915625 0.557031 0.01875 0.0203125 0.102426
0 0.817969 0.300781 0.0203125 0.0265625 0.118336
0 0.696094 0.534375 0.0265625 0.01875 0.121774
0 0.849219 0.560938 0.0328125 0.015625 0.140684
0 0.836719 0.564062 0.0265625 0.015625 0.146467
0 0.858594 0.553906 0.0265625 0.0171875 0.213491
0 0.898438 0.523438 0.015625 0.01875 0.313587
0 0.909375 0.553906 0.015625 0.0140625 0.33901
0 0.95625 0.544531 0.01875 0.0140625 0.3969
0 0.81875 0.547656 0.021875 0.0171875 0.411326
0 0.921875 0.567969 0.0125 0.0171875 0.469162
0 0.789844 0.555469 0.0171875 0.0234375 0.63295
0 0.984375 0.547656 0.01875 0.0171875 0.64214
0 0.425 0.3 0.028125 0.034375 0.788857
