0 0.982031 0.463281 0.0109375 0.0140625 0.111692
0 0.896094 0.509375 0.0140625 0.015625 0.250719
0 0.803906 0.501562 0.0234375 0.01875 0.252683
0 0.905469 0.514063 0.0171875 0.01875 0.37404
0 0.942187 0.5 0.015625 0.0125 0.389397
0 0.800781 0.254687 0.0171875 0.01875 0.424587
0 0.907031 0.521094 0.0140625 0.0171875 0.536264
0 0.970312 0.500781 0.01875 0.0140625 0.64745
0 0.775781 0.510156 0.0171875 0.0203125 0.734895
0 0.0664062 0.357031 0.0390625 0.0390625 0.741086
0 0.563281 0.260156 0.0359375 0.0328125 0.839262
0 0.466406 0.235156 0.0328125 0.0265625 0.849059
0 0.526563 0.223438 0.03125 0.03125 0.854771
