0 0.386719 0.111719 0.0203125 0.0203125 0.137436
0 0.446094 0.146094 0.0171875 0.0171875 0.219881
0 0.10625 0.139844 0.01875 0.0171875 0.222208
0 0.45 0.114063 0.021875 0.025 0.298197
0 0.269531 0.110937 0.0140625 0.015625 0.3964
0 0.394531 0.105469 0.0171875 0.0140625 0.48689
0 0.380469 0.123438 0.0140625 0.015625 0.501321
0 0.317187 0.1125 0.01875 0.01875 0.620462
0 0.241406 0.142188 0.0203125 0.025 0.782282
0 0.794531 0.853906 0.0234375 0.0234375 0.816135
0 0.800781 0.785156 0.0234375 0.0265625 0.859666
0 0.951563 0.719531 0.025 0.0234375 0.863759
0 0.830469 0.135156 0.0234375 0.0328125 0.868502
0 0.798437 0.742969 0.021875 0.0265625 0.884506
