0 0.157104 244.0 383.99966 256.0 397.9997
0 0.18612 248.00002 402.0003 256.0 412.0003
0 0.302015 245.0 374.9997 255.0 386.99966
0 0.381004 229.00032 354.99985 241.00034 365.99982
0 0.469466 136.99983 532.9998 147.99985 543.9998
0 0.56034 232.00015 360.99982 243.00015 371.99982
0 0.604061 131.99985 516.0 144.99983 528.0
0 0.620914 240.00017 388.99988 251.00015 399.99985
0 0.637378 137.99985 523.9997 150.99983 537.9997
0 0.680088 124.00016 525.0 135.00017 535.0
0 0.772973 61.00032 552.0 77.00032 564.0
0 0.787201 205.99985 410.00015 226.99983 425.00015
0 0.815718 65.00016 531.9999 82.00016 548.9998
0 0.819437 206.99983 421.00034 225.99985 437.0003
0 0.840712 209.0 353.0 226.99998 367.0
0 0.875593 180.00032 493.00003 202.00034 515.0
