0 0.543439 486.00003 68.99984 502.0 83.99985
0 0.650728 630.0003 66.00032 640.0003 84.00032
0 0.730757 497.00015 64.0 514.0001 76.0
0 0.744889 476.00034 146.00034 498.0003 164.00032
0 0.768548 479.99985 80.99968 496.99982 96.99968
0 0.812325 479.9997 137.99985 505.9997 158.99985
0 0.819428 373.00018 103.0 390.00015 117.0
0 0.841273 423.0003 201.99983 447.0003 226.99983
0 0.869138 374.9997 111.99983 390.9997 128.99985
0 0.880138 325.9997 165.99983 339.9997 182.99985
0 0.899203 264.0 405.0003 284.0 429.0003
0 0.899644 291.99985 404.99982 308.99985 427.99985
0 0.9068 567.0002 76.99984 592.0002 103.99985
