0 0.560197 408.00015 147.00015 423.00015 160.00015
0 0.66442 617.0 435.0 631.0 449.0
0 0.668193 498.00018 415.0 509.00018 429.0
0 0.702122 422.00015 241.0003 437.00015 253.00032
0 0.714053 428.0003 251.00015 442.0003 264.00015
0 0.728949 504.0 419.00018 516.0 436.00012
0 0.73093 614.0 425.9997 626.0 439.9997
0 0.77454 565.0001 417.00015 578.0002 438.00015
0 0.775972 409.0003 194.0 425.0003 206.0
0 0.776304 452.0003 296.9997 466.00034 312.99966
0 0.794789 483.00034 166.99998 495.0003 189.0
0 0.813731 481.99982 190.0003 490.99982 204.00032
0 0.857798 303.00034 444.9997 319.0003 460.9997
0 0.863068 324.9997 169.00032 340.9997 181.00034
0 0.879381 411.00003 205.0 433.0 219.00002
0 0.900722 318.0003 243.00017 336.00034 256.00015
