0 0.24543 477.0003 142.00032 497.0003 160.00032
0 0.395789 483.99966 66.99984 501.9997 81.99983
0 0.612503 490.0003 63.00032 508.00034 75.00032
0 0.733036 484.0 76.00015 500.0 91.00015
0 0.787805 479.9997 134.99985 505.9997 157.99985
0 0.800679 422.99985 197.00015 441.99985 214.00017
0 0.827738 348.99982 160.99983 363.99982 179.99985
0 0.836624 372.9997 96.99983 388.99966 111.99983
0 0.901319 289.00015 407.0003 306.00015 431.00034
0 0.902656 374.9997 107.00001 390.9997 125.0
0 0.915778 262.00034 408.00015 280.00034 431.00018
0 0.925324 573.0 71.00017 599.0 100.00016
