0 0.140431 447.0 175.00017 457.0 188.00017
0 0.23047 456.99985 521.99963 471.99985 539.9997
0 0.248306 405.99982 356.00018 418.99988 367.00015
0 0.513494 442.99985 189.00017 453.99982 202.00015
0 0.582421 424.00018 457.00015 439.00018 470.00018
0 0.649992 445.00015 195.99985 458.00018 208.99985
0 0.693753 407.99985 409.00012 424.99982 422.00015
0 0.714487 482.99985 381.00018 493.99982 402.00015
0 0.740295 427.0 466.9997 441.00003 478.99966
0 0.751674 405.9997 362.00015 419.9997 373.00015
0 0.764105 452.99985 511.00018 467.99985 528.0001
0 0.767513 429.00012 212.00015 442.00015 223.00015
0 0.780278 480.99982 402.00015 491.99982 417.00015
0 0.82718 321.00034 386.00003 337.0003 398.0
0 0.867351 409.0 420.0003 431.0 434.0003
0 0.892941 313.99988 460.00015 334.99985 475.00015
