0 0.651896 476.00018 64.99968 491.00018 76.99968
0 0.66861 479.9997 138.99985 505.9997 157.99985
0 0.803493 424.99985 193.9997 443.99988 211.99968
0 0.80467 484.0 72.99984 500.0 87.99984
0 0.820816 373.00018 94.00016 390.00015 109.00016
0 0.858179 357.00015 160.00015 374.00012 179.00017
0 0.86739 374.9997 104.00032 390.9997 122.00031
0 0.896197 485.00015 130.00017 510.00015 153.00015
0 0.910033 289.00015 408.99982 306.00015 431.99985
0 0.915512 260.99982 407.99985 279.99985 432.99985
0 0.937947 575.0003 68.00032 603.00037 98.00032
