0 0.115278 475.99982 67.00032 488.99988 79.00032
0 0.707526 479.00018 67.00032 496.00012 83.00032
0 0.735988 463.99966 62.99984 477.9997 73.99985
0 0.747066 385.0003 161.99983 405.0003 178.99985
0 0.783634 490.0 126.99968 514.0 146.99968
0 0.803318 432.00015 185.0 451.00018 203.0
0 0.814588 375.9997 80.00016 393.9997 95.00016
0 0.843995 494.99985 116.99968 521.9998 140.99968
0 0.88247 592.9998 64.00016 619.9998 83.00017
0 0.887644 377.99985 90.00016 394.99982 109.00016
0 0.897493 287.99985 413.99997 304.99985 438.0
0 0.908444 258.00015 413.99982 277.00015 438.99982
