0 0.301402 315.0 515.0002 329.0 532.0002
0 0.565227 313.99966 523.9997 327.9997 537.9997
0 0.640219 309.0003 508.99982 321.00034 523.9998
0 0.666854 91.00017 241.99983 104.00016 254.99983
0 0.721435 322.0003 522.9998 336.00034 537.9998
0 0.722432 433.00015 67.99984 446.00018 80.99984
0 0.734069 211.99983 378.99982 224.99983 393.99982
0 0.764767 474.00018 64.99984 489.00018 79.99984
0 0.764916 66.0 221.99983 82.0 238.99985
0 0.802758 435.99988 80.0 452.99985 100.0
0 0.814603 199.0 378.99997 213.00002 397.0
0 0.846509 224.0 397.0 236.0 411.00003
