0 0.303694 632.0 466.99997 640.0 485.0
0 0.415528 221.0 499.00018 239.0 520.0001
0 0.596959 289.0003 560.0 305.0003 576.0
0 0.652369 268.0003 460.0 282.00034 480.0
0 0.696262 147.9997 448.99982 165.99968 471.99985
0 0.706481 366.00034 201.99998 392.0003 234.0
0 0.74004 155.99985 436.99985 168.99985 451.99985
0 0.781435 594.0 407.99985 610.0 424.99982
0 0.813181 608.9998 393.00018 627.9998 410.00015
0 0.819345 331.0 317.00015 349.0 338.00015
0 0.824042 282.00015 537.0003 301.00018 557.0003
0 0.824256 114.0 525.9998 130.0 550.9998
0 0.837451 295.0 512.0003 317.0 542.0003
0 0.840087 619.0002 444.0 636.0001 464.0
0 0.852074 567.0003 367.00015 591.0003 388.00015
0 0.853785 499.9997 327.00015 521.99963 348.00015
0 0.860791 523.9997 310.9997 541.9997 334.9997
0 0.866348 574.9997 450.99982 594.9997 469.99985
0 0.868429 492.00015 354.9997 519.0001 374.9997
0 0.868911 50.0 236.00015 66.0 255.00017
0 0.871945 589.0 423.00018 615.0 444.00018
0 0.872485 65.0 252.99985 83.0 271.99985
0 0.874641 158.0 247.0 174.0 265.0
0 0.894402 547.9998 144.99968 576.9999 180.99968
