0 0.12944 127.99969 121.00015 145.99968 138.00017
0 0.284443 254.00002 124.0 270.0 136.0
0 0.508356 239.00017 126.99983 264.00018 141.99983
0 0.642033 150.0 153.0 170.0 167.0
0 0.652267 82.99968 195.00032 94.99969 207.00034
0 0.658257 305.0 65.99984 319.0 78.99984
0 0.719718 173.0 157.9997 203.0 167.9997
0 0.723783 238.99985 154.99983 269.99982 165.99983
0 0.746157 217.00015 126.00015 234.00017 137.00015
0 0.754961 95.00031 178.0 111.00032 190.0
0 0.766957 89.0 119.99969 115.0 133.99968
0 0.813611 156.99968 197.9997 172.99966 207.9997
0 0.822026 274.0003 150.99985 308.00034 161.99983
0 0.832211 132.99985 199.99968 147.99985 209.99968
0 0.833878 284.00018 351.00034 299.00018 367.0003
0 0.840198 43.999996 205.00017 60.0 218.00017
0 0.844875 77.99983 183.00034 90.99983 199.00032
0 0.853606 96.00032 198.99966 110.00031 210.99968
0 0.862759 32.999996 190.99998 51.0 205.0
0 0.86338 215.0 160.0 229.00002 172.0
0 0.867889 64.00016 206.99985 79.00016 217.99985
0 0.868651 128.99968 153.99985 148.99968 166.99983
0 0.868766 281.0 122.00016 299.0 133.00017
0 0.870154 146.00034 342.99985 164.00032 357.99985
0 0.889705 175.00015 198.00017 200.00015 209.00015
