0 0.696229 65.00016 474.0 78.00016 490.0
0 0.699383 72.00016 475.9997 83.00017 489.9997
0 0.725365 229.00032 123.00015 241.00034 140.00017
0 0.737924 79.99984 462.0003 92.99984 476.00034
0 0.779979 212.00015 153.0 223.00015 163.0
0 0.793435 69.99984 453.99988 86.99985 470.99982
0 0.813603 582.0 196.99983 598.0 211.99983
0 0.84335 581.99963 187.99985 599.9997 200.99983
0 0.85393 230.00015 64.99984 245.00015 79.99984
0 0.85582 237.00015 153.00002 250.00015 171.0
0 0.906466 407.0003 409.0003 423.0003 429.0003
