0 0.476599 62.00016 476.00003 73.00017 492.0
0 0.636365 77.99983 463.00015 90.99983 476.00018
0 0.690406 581.99963 187.00015 599.9997 200.00015
0 0.69448 221.00015 127.99984 234.00015 140.99983
0 0.736548 233.0 151.0 247.0 169.0
0 0.771379 208.0 150.00032 220.0 160.00032
0 0.800725 67.00032 476.99985 79.00032 491.99985
0 0.839373 67.99984 453.99966 84.99984 471.9997
0 0.852224 582.0 194.99985 598.0 209.99985
0 0.868143 238.00002 70.00016 254.0 85.00016
0 0.910878 407.0003 409.0003 423.0003 429.0003
