0 0.112136 383.99982 374.0 396.99985 386.0
0 0.113326 468.99988 198.00017 479.99985 213.00017
0 0.140845 382.99985 357.0 393.99982 367.0
0 0.209007 411.0 354.99985 425.0 369.99985
0 0.212248 429.00018 163.00017 438.00018 176.00015
0 0.212274 469.00012 188.00017 482.00015 203.00017
0 0.296536 383.00015 368.0003 396.00018 382.0003
0 0.362384 423.99982 412.00015 432.99985 423.00015
0 0.696702 408.0003 364.99985 422.0003 379.99985
0 0.712502 439.9997 392.00015 449.9997 403.00015
0 0.716639 435.00015 404.00018 444.00018 415.00015
0 0.747046 396.0 213.99985 404.0 226.99983
