0 0.152631 2.9999995 128.00017 15.0 143.00017
0 0.294466 415.99982 219.99983 428.99988 236.99983
0 0.302548 624.9999 219.00017 635.9998 232.00015
0 0.420105 474.00018 65.00016 485.00015 78.00016
0 0.440191 430.0 248.00032 441.99997 262.00034
0 0.697279 417.0 215.0 431.00003 229.00002
0 0.734903 426.9997 270.00015 438.99966 285.00015
0 0.763201 412.0003 228.99985 426.00034 243.99985
0 0.7906 390.00015 141.0 401.00012 151.0
0 0.803852 440.0 265.00018 451.99997 278.00015
0 0.808889 438.99988 280.0 449.99985 292.0
