0 0.209213 6.0 253.99966 18.0 263.99966
0 0.686533 273.9997 206.00015 291.9997 221.00015
0 0.705388 279.0003 196.99998 295.0003 211.0
0 0.712398 397.99985 295.00034 406.99985 307.00034
0 0.776923 218.99966 208.00017 230.99968 223.00017
0 0.778168 20.0 224.99985 30.0 239.99985
0 0.785464 314.99966 196.99983 326.99966 211.99983
0 0.811674 87.0 205.00032 97.0 217.00034
0 0.835639 271.0003 274.00018 283.0003 297.00015
0 0.839581 80.0 231.00034 92.00001 251.00034
0 0.851027 112.0 252.0 124.00001 268.0
0 0.853654 174.00017 216.0 189.00017 228.00002
0 0.858051 281.00015 273.0 294.00015 295.0
0 0.86352 9.000032 261.0 26.000032 279.0
0 0.868591 105.00016 183.00017 118.00015 196.00015
0 0.872183 0.0 229.00017 14.0 242.00015
0 0.887708 127.99984 251.99985 140.99983 272.99985
0 0.893474 109.99984 208.0 134.99983 220.0
0 0.928005 150.00015 197.0 177.00015 215.0
