0 0.569288 563.9997 257.0003 581.9997 277.0003
0 0.627282 268.0003 339.00018 286.0003 360.00015
0 0.650767 156.00015 317.00018 171.00015 330.00018
0 0.670316 585.0001 558.0003 614.0002 576.0003
0 0.74221 218.00032 512.0 252.00034 528.0
0 0.768195 147.9997 327.0003 165.99968 351.00034
0 0.785847 1.0000002 553.0002 19.0 574.0002
0 0.804094 333.00018 198.00032 350.00015 216.0003
0 0.804164 596.0002 285.00015 611.0002 302.00015
0 0.811779 614.0 269.99966 634.0 287.99966
0 0.815169 526.0001 189.00032 545.0001 213.00034
0 0.823595 116.00032 408.0 130.00032 432.0
0 0.82535 572.9997 231.0 596.9997 257.0
0 0.837843 621.99963 325.00018 639.9997 342.00015
0 0.83938 500.99982 205.00032 523.9999 225.00032
0 0.85388 49.999966 112.99984 66.99996 131.99983
0 0.864447 66.00032 130.00017 84.00032 149.00015
0 0.864682 284.99982 417.99985 303.99985 438.99982
0 0.865362 296.00015 392.00015 319.00015 423.00015
0 0.8704 578.0 328.99982 598.0 347.99985
0 0.880574 159.99998 124.00032 175.99998 142.0003
0 0.881493 362.0 91.99985 386.00003 120.99984
0 0.887743 5.999968 503.00015 26.999968 536.0002
0 0.899294 495.0003 231.00018 523.00037 252.00015
0 0.901131 25.00003 539.0003 44.00003 571.0003
0 0.908132 593.0 301.99985 619.0 322.99985
