0 0.698672 40.000034 489.99985 53.000034 506.99982
0 0.70127 206.99998 111.00017 221.0 124.00016
0 0.719262 56.999966 475.9997 69.99997 489.9997
0 0.820299 194.0 136.0 206.0 148.0
0 0.826064 48.99997 492.00015 59.99997 507.00015
0 0.829811 598.0 171.99983 618.0 184.99983
0 0.839928 598.0003 180.0 616.0003 195.99998
0 0.844994 219.00032 136.99985 235.0003 155.99985
0 0.867377 45.99997 466.99982 62.99997 485.99982
0 0.887077 411.99985 415.0 428.99982 436.99997
0 0.888126 289.00015 90.99984 306.00015 109.99984
