0 0.565647 1.0000002 350.00015 19.0 361.00012
0 0.689685 282.0 261.99985 298.0 274.99982
0 0.692545 399.9997 355.9997 409.9997 369.9997
0 0.708112 275.99982 271.0 292.99985 285.0
0 0.727553 182.00034 282.0 200.00032 294.0
0 0.774387 315.99985 260.0 328.99988 276.0
0 0.80268 82.0 294.0 94.00001 314.0
0 0.806276 22.00003 285.99982 33.00003 302.99985
0 0.83126 122.99984 248.0 133.99985 260.0
0 0.83166 11.000032 323.0 26.000032 341.00003
0 0.832664 219.99985 272.0 232.99985 288.0
0 0.83283 283.00015 338.00034 296.00015 360.0003
0 0.839528 1.9999999 292.0 15.999999 304.0
0 0.842335 272.99985 339.0 283.99982 361.0
0 0.844454 89.00016 267.00015 98.00015 280.00015
0 0.847627 479.00018 84.99984 496.00012 99.99984
0 0.868918 112.99968 314.00018 124.99969 333.00018
0 0.888009 129.99985 314.99997 142.99985 336.99997
0 0.906696 111.99983 270.0003 136.99983 284.0003
0 0.94288 152.00015 260.00015 179.00017 279.00018
