0 0.537656 62.00016 472.0 77.00016 488.0
0 0.664841 47.99997 488.00015 60.99997 503.00015
0 0.711238 210.99998 117.99984 225.0 130.99983
0 0.739664 56.00003 489.0003 67.00004 505.0003
0 0.755383 591.0002 181.00015 608.0001 198.00017
0 0.822342 590.9998 174.00032 609.9999 188.00034
0 0.824113 53.000034 464.99985 70.00003 483.99988
0 0.830905 196.0 140.99985 208.00002 151.99985
0 0.862773 410.0 413.00003 426.0 435.0
0 0.864953 278.00015 90.99984 293.00015 105.99984
0 0.867275 220.99983 142.00015 235.99983 161.00015
