0 0.586614 83.0 462.0003 97.0 476.00034
0 0.702715 230.00017 126.99983 241.00015 141.99983
0 0.734215 67.99984 473.99988 80.99984 490.99982
0 0.767931 75.00016 453.99966 92.00016 471.9997
0 0.777166 206.99998 63.00032 229.0 75.00032
0 0.782213 210.00017 153.0 221.00015 163.0
0 0.80766 75.00032 475.9997 87.00032 489.9997
0 0.813835 578.0 185.00017 598.0 198.00017
0 0.829429 578.0001 194.00032 593.0001 208.00034
0 0.847399 408.0003 407.0003 422.0003 427.0003
0 0.859902 234.00032 153.9997 248.00034 171.99968
