0 0.14795 424.9997 211.00018 440.9997 232.00015
0 0.159331 79.00016 90.99984 92.00016 105.99984
0 0.176074 419.99982 193.0 432.99985 207.0
0 0.419503 73.00016 95.00031 86.00015 111.00032
0 0.545798 418.00015 524.9997 433.00015 540.9997
0 0.624061 75.00016 87.00016 88.00015 104.00017
0 0.682261 417.0 180.0 431.00003 195.99998
0 0.713967 410.0003 524.0 424.0003 540.0
0 0.734368 56.99984 85.99999 71.99984 102.0
0 0.768732 392.00015 196.00015 407.00015 215.00017
0 0.789116 393.0 163.00034 403.0 179.00032
0 0.884097 173.99966 394.99985 195.99968 413.99988
