0 0.101567 434.00018 263.00015 449.00018 284.00015
0 0.104715 435.9997 241.00015 449.9997 258.00015
0 0.239115 437.0 255.0 451.00003 273.0
0 0.259574 435.9997 233.99985 449.9997 250.99985
0 0.310699 442.0 221.99966 453.99997 235.99968
0 0.395563 437.9997 226.99983 451.9997 241.99983
0 0.664966 615.0 71.0 633.0 89.0
0 0.689461 421.0 202.99966 431.0 214.99968
0 0.696931 330.00015 549.0 345.00015 567.0
0 0.748918 320.99982 549.0003 335.99982 565.0003
0 0.818434 408.0 236.0 423.99997 251.99998
0 0.870011 138.99985 352.9997 157.99985 368.99966
