0 0.102426 580.0 349.99982 592.0 362.99985
0 0.118336 517.0002 183.99985 530.0002 200.99985
0 0.121774 437.00015 336.00003 454.00012 348.0
0 0.140684 533.0002 354.0003 554.0002 364.0003
0 0.146467 527.0002 355.9997 544.0001 365.9997
0 0.213491 541.0002 348.99988 558.0001 359.99985
0 0.313587 570.0003 329.0003 580.0003 341.0003
0 0.33901 577.0 349.99985 587.0 358.99988
0 0.3969 606.0 343.99982 618.0 352.99985
0 0.411326 517.0 344.99985 531.0 355.99982
0 0.469162 586.0 358.00018 594.0 369.00018
0 0.63295 500.00015 348.00015 511.00012 363.00015
0 0.64214 624.0 344.99985 636.0 355.99982
0 0.788857 263.0 181.0 281.0 203.00002
