0 0.106769 620.9998 301.0 635.9998 331.0
0 0.150998 159.0 359.0003 176.99998 379.0003
0 0.167278 621.0003 218.00032 637.0003 256.0003
0 0.179658 164.99985 355.9997 179.99985 373.9997
0 0.226202 153.00002 519.9999 171.0 536.9998
0 0.307957 167.99985 352.00015 180.99983 367.00015
0 0.358759 617.0003 255.99983 637.0003 300.99982
0 0.451365 157.99985 356.99985 170.99983 371.99985
0 0.482037 592.0 382.0 608.0 406.00003
0 0.539584 163.00017 520.0 180.00017 536.0
0 0.604877 254.00032 360.0 268.00034 376.0
0 0.607281 151.00017 526.9999 164.00017 541.9999
0 0.615165 270.00015 422.99985 289.00018 437.99985
0 0.620215 617.0003 237.00034 637.0003 273.0003
0 0.672887 276.9997 402.0003 292.99966 416.00034
0 0.684436 562.0002 351.0 577.0002 385.0
0 0.697706 278.0 412.00015 294.0 427.00015
0 0.716007 170.99983 325.99988 185.99983 342.99985
0 0.734264 193.00017 154.00017 206.00015 169.00017
0 0.738527 560.0001 379.00018 575.0001 404.00018
0 0.74338 158.99966 345.9997 170.99968 359.9997
0 0.761652 277.0003 426.0003 297.0003 444.0003
0 0.769619 586.0003 194.99983 604.0003 233.99985
0 0.777537 305.9997 242.99985 319.9997 257.99985
0 0.792223 553.0 269.99982 571.0 306.99985
0 0.798496 526.9999 388.99982 541.9999 411.99985
0 0.801538 585.0 273.0 603.0 303.0
0 0.807492 194.00017 165.99968 205.00015 179.9997
0 0.807749 525.0 309.00015 543.0 346.00012
0 0.809974 493.99988 230.99968 510.99982 266.99966
0 0.811739 169.00032 362.0 185.0003 382.0
0 0.816143 493.0 268.99985 511.00003 303.99985
0 0.816396 547.0 229.0 565.0 267.0
0 0.818024 527.0002 189.0 544.0001 226.99998
0 0.818362 581.9999 228.00015 602.9998 267.00015
0 0.824661 450.0 297.99985 466.0 338.99982
0 0.829367 129.00032 418.00015 141.00034 437.00015
0 0.83468 557.0 306.99982 575.0 345.99982
0 0.841379 176.99968 158.00017 188.9997 173.00017
0 0.842716 528.00037 355.00015 550.0003 384.00018
0 0.84402 585.0 352.0 603.0 383.99997
0 0.846056 525.0 265.9997 547.0 303.99966
0 0.848872 214.0 503.0 241.99998 517.0
0 0.852739 68.00016 196.99968 83.00017 212.99966
0 0.857324 83.99985 185.99968 96.99983 199.9997
0 0.862425 447.00015 250.00032 468.00015 292.00034
0 0.863717 278.0 237.00015 298.0 254.00017
0 0.871084 175.00017 181.00015 188.00017 198.00017
0 0.876235 547.9998 193.99985 568.9998 234.99983
0 0.87995 491.99966 200.00015 509.9997 235.00015
0 0.885762 126.99968 150.00017 146.99968 165.00015
0 0.8859 70.99984 161.0 85.99984 179.0
0 0.887212 587.9998 306.99982 608.9998 345.99982
0 0.899851 522.9998 225.0 541.9999 263.0
0 0.92063 493.00018 378.00015 510.00015 413.00015
