0 0.117438 19.000032 232.0 34.00003 248.0
0 0.144413 150.99968 64.00032 162.9997 82.00032
0 0.167157 141.99985 141.99968 154.99983 155.99968
0 0.340861 277.00015 68.0 294.00018 84.0
0 0.431577 281.99985 63.00016 298.99985 76.00016
0 0.456476 616.0002 478.0 631.0002 498.0
0 0.592729 132.0 63.99984 144.0 76.99984
0 0.608241 285.00015 67.99984 302.00015 84.99984
0 0.611759 198.99985 558.0003 213.99985 576.0003
0 0.664354 150.99985 161.99966 165.99983 175.99968
0 0.684794 154.00034 153.00017 168.00034 166.00015
0 0.774409 612.9998 485.0 627.9998 503.00003
0 0.817327 440.00015 238.0 455.00015 258.0
0 0.825596 215.00015 143.99985 244.00017 156.99983
0 0.839621 452.0003 236.99983 466.00034 255.99985
0 0.857479 587.0 523.0 613.0 545.0
