0 0.111692 624.9999 291.99985 631.9998 300.99985
0 0.250719 569.0002 321.0 578.0002 331.0
0 0.252683 506.99985 314.99966 521.9999 326.99966
0 0.37404 574.0002 323.00034 585.0001 335.0003
0 0.389397 597.9997 316.0 607.9997 324.0
0 0.424587 506.99985 156.99968 517.9998 168.9997
0 0.536264 575.9998 328.00018 584.9999 339.00018
0 0.64745 614.9997 315.99982 626.99963 324.99985
0 0.734895 490.99982 319.99982 501.99982 332.99985
0 0.741086 29.999966 215.99983 54.999966 240.99983
0 0.839262 348.99982 155.99985 371.99985 176.99983
0 0.849059 287.99985 141.99983 308.99982 158.99985
0 0.854771 327.0003 133.00032 347.0003 153.00032
