0 0.137436 241.00015 65.00016 254.00015 78.00016
0 0.219881 280.00018 88.00015 291.00015 99.00016
0 0.222208 62.000004 84.00016 74.0 95.00016
0 0.298197 281.0 65.00032 295.0 81.00032
0 0.3964 167.99985 65.99968 176.99985 75.99968
0 0.48689 246.99985 63.000164 257.99985 72.00016
0 0.501321 239.00015 74.00032 248.00017 84.00032
0 0.620462 196.99968 66.0 208.9997 78.0
0 0.782282 147.99985 83.00032 160.99983 99.00032
0 0.816135 500.99982 538.9998 515.9998 553.9998
0 0.859666 504.99985 493.99988 519.9999 510.99982
0 0.863759 601.0003 452.99985 617.0003 467.99985
0 0.868502 524.0002 75.99984 539.0002 96.99985
0 0.884506 503.99966 467.00015 517.9997 484.00012
